         0.4000000000E-01         0.2500000000E-01
         0.2500000000E-01         0.4000000000E-01
         0.3991782843E-01         0.2656792695E-01
         0.3967221401E-01         0.2811867536E-01
         0.3926584774E-01         0.2963525492E-01
         0.3870318186E-01         0.3110104965E-01
         0.3799038106E-01         0.3250000000E-01
         0.3713525491E-01         0.3381677879E-01
         0.3614717238E-01         0.3503695910E-01
         0.3503695909E-01         0.3614717239E-01
         0.3381677878E-01         0.3713525492E-01
         0.3249999999E-01         0.3799038106E-01
         0.3110104964E-01         0.3870318187E-01
         0.2963525491E-01         0.3926584775E-01
         0.2811867535E-01         0.3967221401E-01
         0.2656792694E-01         0.3991782843E-01
         0.1000000000E-01         0.2500000000E-01
         0.2343207305E-01         0.3991782843E-01
         0.2188132464E-01         0.3967221401E-01
         0.2036474508E-01         0.3926584774E-01
         0.1889895035E-01         0.3870318186E-01
         0.1750000000E-01         0.3799038106E-01
         0.1618322121E-01         0.3713525491E-01
         0.1496304090E-01         0.3614717238E-01
         0.1385282761E-01         0.3503695909E-01
         0.1286474508E-01         0.3381677878E-01
         0.1200961894E-01         0.3249999999E-01
         0.1129681813E-01         0.3110104964E-01
         0.1073415225E-01         0.2963525491E-01
         0.1032778599E-01         0.2811867535E-01
         0.1008217157E-01         0.2656792694E-01
         0.2500000000E-01         0.1000000000E-01
         0.1008217157E-01         0.2343207305E-01
         0.1032778599E-01         0.2188132464E-01
         0.1073415226E-01         0.2036474508E-01
         0.1129681814E-01         0.1889895035E-01
         0.1200961894E-01         0.1750000000E-01
         0.1286474509E-01         0.1618322121E-01
         0.1385282762E-01         0.1496304090E-01
         0.1496304091E-01         0.1385282761E-01
         0.1618322122E-01         0.1286474508E-01
         0.1750000001E-01         0.1200961894E-01
         0.1889895036E-01         0.1129681813E-01
         0.2036474509E-01         0.1073415225E-01
         0.2188132465E-01         0.1032778599E-01
         0.2343207306E-01         0.1008217157E-01
         0.2656792695E-01         0.1008217157E-01
         0.2811867536E-01         0.1032778599E-01
         0.2963525492E-01         0.1073415226E-01
         0.3110104965E-01         0.1129681814E-01
         0.3250000000E-01         0.1200961894E-01
         0.3381677879E-01         0.1286474509E-01
         0.3503695910E-01         0.1385282762E-01
         0.3614717239E-01         0.1496304091E-01
         0.3713525492E-01         0.1618322122E-01
         0.3799038106E-01         0.1750000001E-01
         0.3870318187E-01         0.1889895036E-01
         0.3926584775E-01         0.2036474509E-01
         0.3967221401E-01         0.2188132465E-01
         0.3991782843E-01         0.2343207306E-01
         0.3648133567E-01         0.2427445986E-01
         0.3576290998E-01         0.2429653529E-01
         0.3622043813E-01         0.2312847178E-01
         0.3534058540E-01         0.2365510616E-01
         0.1906865641E-01         0.2992957477E-01
         0.1810653140E-01         0.2984637130E-01
         0.2376836427E-01         0.2411230766E-01
         0.2574945229E-01         0.1585137879E-01
         0.2852757530E-01         0.2939191748E-01
         0.2205383186E-01         0.3368355203E-01
         0.2515192381E-01         0.2448545355E-01
         0.2588014693E-01         0.2309458343E-01
         0.2649856143E-01         0.2155301210E-01
         0.1616289189E-01         0.2218016972E-01
         0.3486655948E-01         0.2284511465E-01
         0.3415493059E-01         0.3200721656E-01
         0.2145977565E-01         0.3505502727E-01
         0.1667895698E-01         0.1803829200E-01
         0.2458225136E-01         0.1514659825E-01
         0.3626803211E-01         0.2550661318E-01
         0.3099626679E-01         0.1547710810E-01
         0.2449184508E-01         0.2587725541E-01
         0.2254120802E-01         0.2355547464E-01
         0.2454592975E-01         0.2263790037E-01
         0.2584042796E-01         0.2602830910E-01
         0.2333253211E-01         0.2210131287E-01
         0.2520056116E-01         0.2121639309E-01
         0.2841011672E-01         0.1997807682E-01
         0.2831472268E-01         0.2781310372E-01
         0.2660297993E-01         0.2837959929E-01
         0.2466368188E-01         0.2882553987E-01
         0.2031861445E-01         0.2655413819E-01
         0.3025732964E-01         0.2281537689E-01
         0.2993661906E-01         0.2435735544E-01
         0.2991782373E-01         0.2592850017E-01
         0.3017222060E-01         0.2893368358E-01
         0.3024847567E-01         0.3049691095E-01
         0.2687950856E-01         0.2990489162E-01
         0.2521594907E-01         0.3033195464E-01
         0.2370550489E-01         0.3083679190E-01
         0.1853054717E-01         0.2701025603E-01
         0.1911811107E-01         0.2506599430E-01
         0.1938243762E-01         0.2298578537E-01
         0.1815326891E-01         0.2209351811E-01
         0.1907967265E-01         0.2100034458E-01
         0.2151667960E-01         0.1984738421E-01
         0.2192492815E-01         0.1899701468E-01
         0.2328045778E-01         0.1854397977E-01
         0.2436551632E-01         0.1922125869E-01
         0.2577100914E-01         0.1843781604E-01
         0.2807718548E-01         0.1791784382E-01
         0.2965007282E-01         0.2099926491E-01
         0.3158298126E-01         0.2275820022E-01
         0.3131983615E-01         0.2423288568E-01
         0.3156389319E-01         0.2556246113E-01
         0.3009625588E-01         0.2740940379E-01
         0.3165172734E-01         0.3019133524E-01
         0.2880479847E-01         0.3094796612E-01
         0.2589039590E-01         0.3199731128E-01
         0.2449302529E-01         0.3240078214E-01
         0.2322261486E-01         0.3290163798E-01
         0.2022478788E-01         0.3021175989E-01
         0.1911901417E-01         0.2844702062E-01
         0.1734181551E-01         0.2777327435E-01
         0.1633651613E-01         0.2713057399E-01
         0.1813176230E-01         0.2391274503E-01
         0.1722564807E-01         0.2299624313E-01
         0.1682989141E-01         0.2133851470E-01
         0.1886925728E-01         0.1969375714E-01
         0.2032255213E-01         0.1904195453E-01
         0.2111757726E-01         0.1728394122E-01
         0.2354139548E-01         0.1709374949E-01
         0.2969080112E-01         0.1879641956E-01
         0.3082849717E-01         0.2135754507E-01
         0.3299796790E-01         0.2199208041E-01
         0.3308247068E-01         0.2480593789E-01
         0.3217239730E-01         0.2703452867E-01
         0.3534230738E-01         0.2783085812E-01
         0.3447464836E-01         0.3015267479E-01
         0.3297330073E-01         0.3126293727E-01
         0.3222434398E-01         0.3291470993E-01
         0.2999264543E-01         0.3395454188E-01
         0.2778992788E-01         0.3517787204E-01
         0.2364924121E-01         0.3567732249E-01
         0.2271950652E-01         0.3455148529E-01
         0.1961564339E-01         0.3380948251E-01
         0.1767782583E-01         0.3255300013E-01
         0.1594230053E-01         0.3090458673E-01
         0.1496486176E-01         0.2876992743E-01
         0.1505828966E-01         0.2628213882E-01
         0.1446664166E-01         0.2418278335E-01
         0.1475507579E-01         0.2197847120E-01
         0.1577566365E-01         0.1999827020E-01
         0.1812169687E-01         0.1693005079E-01
         0.1992023796E-01         0.1511743404E-01
         0.2251411599E-01         0.1493629706E-01
         0.2435431751E-01         0.1382722386E-01
         0.2640533211E-01         0.1480578212E-01
         0.2891803485E-01         0.1577971033E-01
         0.3037902785E-01         0.1688655996E-01
         0.3223159235E-01         0.1715424541E-01
         0.3370181293E-01         0.1930075464E-01
         0.3525855252E-01         0.2107590589E-01
         0.3451026284E-01         0.2464890085E-01
         0.3453722132E-01         0.2638098041E-01
         0.3716395687E-01         0.2674611998E-01
         0.3674209825E-01         0.2798828504E-01
         0.3637787962E-01         0.2923396825E-01
         0.3593513524E-01         0.3034869723E-01
         0.3551229925E-01         0.3142642870E-01
         0.3492822123E-01         0.3248796925E-01
         0.3402754728E-01         0.3334875090E-01
         0.3303864861E-01         0.3405738517E-01
         0.3198983016E-01         0.3473772584E-01
         0.3083208216E-01         0.3535434482E-01
         0.2967242848E-01         0.3590314359E-01
         0.2856556692E-01         0.3647055094E-01
         0.2737407051E-01         0.3696179383E-01
         0.2607843412E-01         0.3707399795E-01
         0.2484653336E-01         0.3707033891E-01
         0.2353820689E-01         0.3702668269E-01
         0.2210141052E-01         0.3689938195E-01
         0.2100565674E-01         0.3637389986E-01
         0.1994940918E-01         0.3581398659E-01
         0.1890634022E-01         0.3518461537E-01
         0.1783746681E-01         0.3453945809E-01
         0.1681359008E-01         0.3376257606E-01
         0.1589628177E-01         0.3282236526E-01
         0.1508702370E-01         0.3177945219E-01
         0.1439868141E-01         0.3064067361E-01
         0.1391361347E-01         0.2939324627E-01
         0.1362351766E-01         0.2812628230E-01
         0.1340814834E-01         0.2690175552E-01
         0.1318449171E-01         0.2571369994E-01
         0.1300669615E-01         0.2448444008E-01
         0.1302267955E-01         0.2316765837E-01
         0.1336425721E-01         0.2192838252E-01
         0.1380475767E-01         0.2076041061E-01
         0.1429565636E-01         0.1964659580E-01
         0.1480362094E-01         0.1854604242E-01
         0.1539125246E-01         0.1751223546E-01
         0.1614954183E-01         0.1648424697E-01
         0.1716183963E-01         0.1577514698E-01
         0.1811733848E-01         0.1500047880E-01
         0.1921044128E-01         0.1421471858E-01
         0.2052899226E-01         0.1378623829E-01
         0.2176565306E-01         0.1349033040E-01
         0.2289758382E-01         0.1309801841E-01
         0.2425983606E-01         0.1307043848E-01
         0.2543136473E-01         0.1289584835E-01
         0.2666938293E-01         0.1336367219E-01
         0.2783454287E-01         0.1380573688E-01
         0.2898555153E-01         0.1403260342E-01
         0.3017103886E-01         0.1416622992E-01
         0.3135032547E-01         0.1455234185E-01
         0.3239713204E-01         0.1535812594E-01
         0.3331000188E-01         0.1637585739E-01
         0.3408038417E-01         0.1732014975E-01
         0.3484815441E-01         0.1829351108E-01
         0.3559898223E-01         0.1925740337E-01
         0.3623614567E-01         0.2035913352E-01
         0.3674090196E-01         0.2156535959E-01
         0.3710218724E-01         0.2284256051E-01
         0.3738401598E-01         0.2415784732E-01
         0.3742667445E-01         0.2543409308E-01
         0.3843255146E-01         0.2669526326E-01
         0.3812830148E-01         0.2804991776E-01
         0.3773018803E-01         0.2940779201E-01
         0.3726309187E-01         0.3066460653E-01
         0.3661982886E-01         0.3187919599E-01
         0.3582547675E-01         0.3305946428E-01
         0.3492174634E-01         0.3410139468E-01
         0.3394935546E-01         0.3503014776E-01
         0.3282309687E-01         0.3584842487E-01
         0.3163377755E-01         0.3659433096E-01
         0.3038473918E-01         0.3723800256E-01
         0.2908118159E-01         0.3776420036E-01
         0.2769779841E-01         0.3816801582E-01
         0.2629766547E-01         0.3841421783E-01
         0.2349665365E-01         0.3835075188E-01
         0.2198596343E-01         0.3804673842E-01
         0.2069379478E-01         0.3769181353E-01
         0.1944624602E-01         0.3722431944E-01
         0.1825603022E-01         0.3652604016E-01
         0.1710621316E-01         0.3572808947E-01
         0.1603293938E-01         0.3477986033E-01
         0.1505147093E-01         0.3374724258E-01
         0.1417844468E-01         0.3260938650E-01
         0.1342137354E-01         0.3137621384E-01
         0.1279445357E-01         0.3008691811E-01
         0.1228634239E-01         0.2880839359E-01
         0.1189623713E-01         0.2752566850E-01
         0.1163760572E-01         0.2617142257E-01
         0.1149841940E-01         0.2475161974E-01
         0.1172193809E-01         0.2327764306E-01
         0.1200650553E-01         0.2190115788E-01
         0.1239317149E-01         0.2056328997E-01
         0.1286415194E-01         0.1930326245E-01
         0.1349105125E-01         0.1808878267E-01
         0.1425624701E-01         0.1693462886E-01
         0.1525243989E-01         0.1584177780E-01
         0.1616930558E-01         0.1492626133E-01
         0.1729513503E-01         0.1410927057E-01
         0.1859325573E-01         0.1333292079E-01
         0.1986095619E-01         0.1271447639E-01
         0.2109559856E-01         0.1221199028E-01
         0.2247994569E-01         0.1186064373E-01
         0.2382970115E-01         0.1160683064E-01
         0.2524393823E-01         0.1148253402E-01
         0.2667790179E-01         0.1175658174E-01
         0.2800109341E-01         0.1199636423E-01
         0.2930971832E-01         0.1231617636E-01
         0.3055405251E-01         0.1281406788E-01
         0.3182384921E-01         0.1350285689E-01
         0.3302876523E-01         0.1439347669E-01
         0.3409621496E-01         0.1527496060E-01
         0.3505707001E-01         0.1620494316E-01
         0.3589136088E-01         0.1727678977E-01
         0.3664322614E-01         0.1844940350E-01
         0.3728271911E-01         0.1972276265E-01
         0.3779738122E-01         0.2106072708E-01
         0.3819733731E-01         0.2243176894E-01
         0.3849436433E-01         0.2385461556E-01
         0.3867463928E-01         0.2524490415E-01
         0.2490638620E-01         0.3855234004E-01
         0.2604529405E-01         0.3563644509E-01
         0.2480377889E-01         0.3553074878E-01
         0.2236238378E-01         0.3577372986E-01
         0.1866489142E-01         0.3317387231E-01
         0.1670906676E-01         0.3182619925E-01
         0.1537539226E-01         0.2989622184E-01
         0.1501889388E-01         0.2743261455E-01
         0.1482451806E-01         0.2521481640E-01
         0.1432533152E-01         0.2300073314E-01
         0.1528471236E-01         0.2099397394E-01
         0.1622041990E-01         0.1898973663E-01
         0.1696705149E-01         0.1721005764E-01
         0.1894314885E-01         0.1592900361E-01
         0.2112438553E-01         0.1491274068E-01
         0.2353348584E-01         0.1429660086E-01
         0.3159468968E-01         0.1622379858E-01
         0.3455518967E-01         0.2013866526E-01
         0.3577742790E-01         0.2208767098E-01
         0.3528225079E-01         0.2525381499E-01
         0.3591366879E-01         0.2664368444E-01
         0.3420092603E-01         0.3111611186E-01
         0.3327407665E-01         0.3241264519E-01
         0.3116472120E-01         0.3344113287E-01
         0.2878595163E-01         0.3447271255E-01
         0.2706968563E-01         0.3592133881E-01
         0.3057211392E-01         0.3198807079E-01
         0.1950165325E-01         0.3175293569E-01
         0.1846006008E-01         0.3132395871E-01
         0.1555351570E-01         0.2300555923E-01
         0.1993425795E-01         0.1671045921E-01
         0.2040797208E-01         0.1600100489E-01
         0.3364642584E-01         0.2106656827E-01
         0.3435177157E-01         0.2192087573E-01
         0.3400564332E-01         0.2377468911E-01
         0.1590049955E-01         0.2829068289E-01
         0.1681275307E-01         0.2989460387E-01
         0.3369278574E-01         0.2566841562E-01
         0.3354851999E-01         0.2287786984E-01
         0.3270242252E-01         0.2044533329E-01
         0.3271993259E-01         0.1849718392E-01
         0.3103357886E-01         0.1784796194E-01
         0.3004492404E-01         0.1563417852E-01
         0.2762110156E-01         0.1589095180E-01
         0.2534184112E-01         0.1428350304E-01
         0.2391271523E-01         0.1598980733E-01
         0.2138730182E-01         0.1613674613E-01
         0.1946654647E-01         0.1759647282E-01
         0.1792912017E-01         0.1829064033E-01
         0.1596969503E-01         0.2373432492E-01
         0.1633545739E-01         0.2898098801E-01
         0.1746740023E-01         0.3076803915E-01
         0.2047233793E-01         0.3230245036E-01
         0.2055300254E-01         0.3441008477E-01
         0.2364731090E-01         0.3424301322E-01
         0.2492044570E-01         0.3394851797E-01
         0.2648937682E-01         0.3383826288E-01
         0.2794132998E-01         0.3304407057E-01
         0.2928869540E-01         0.3246644844E-01
         0.3179719358E-01         0.3158477160E-01
         0.3306424154E-01         0.3004431572E-01
         0.3487182545E-01         0.2900833218E-01
         0.3378950561E-01         0.2755612369E-01
         0.2732382841E-01         0.3150731246E-01
         0.2136964713E-01         0.3295161618E-01
         0.1650148066E-01         0.2460455690E-01
         0.1761252957E-01         0.1942284297E-01
         0.1913640352E-01         0.1859511710E-01
         0.2499588130E-01         0.1676871470E-01
         0.3145653979E-01         0.1850687749E-01
         0.3170386223E-01         0.2001347976E-01
         0.3330087017E-01         0.2883188643E-01
         0.3270305690E-01         0.2368790340E-01
         0.2241199276E-01         0.1643382288E-01
         0.3194122443E-01         0.2159634095E-01
         0.2074068753E-01         0.1821581059E-01
         0.2143360969E-01         0.3076454606E-01
         0.1767045285E-01         0.2892761591E-01
         0.2243822486E-01         0.3169998180E-01
         0.1709792571E-01         0.2540044133E-01
         0.1736783988E-01         0.2044468465E-01
         0.2461066993E-01         0.1794443372E-01
         0.2582892097E-01         0.1738262392E-01
         0.2918854962E-01         0.1750165237E-01
         0.3058743285E-01         0.1965387332E-01
         0.3175547480E-01         0.2876828516E-01
         0.3235384252E-01         0.2287586116E-01
         0.2224298110E-01         0.1783926780E-01
         0.2063218483E-01         0.2853549668E-01
         0.2664357637E-01         0.1689537177E-01
         0.2016637152E-01         0.1991099841E-01
         0.2254199683E-01         0.2912679687E-01
         0.2698811814E-01         0.1834288079E-01
         0.2011187572E-01         0.2062667712E-01
         0.2101713729E-01         0.2020439402E-01
         0.2022804818E-01         0.2208864595E-01
         0.2557105527E-01         0.1976311308E-01
         0.2690809307E-01         0.1985576645E-01
         0.2396324339E-01         0.2066559145E-01
         0.2290511602E-01         0.1992842962E-01
         0.2227845535E-01         0.2137231853E-01
         0.2051637893E-01         0.2404479236E-01
         0.2250294627E-01         0.2724988648E-01
         0.2804663801E-01         0.2604548883E-01
         0.2855478172E-01         0.2415192668E-01
         0.2900024889E-01         0.2241876393E-01
         0.2156648886E-01         0.2506339457E-01
         0.2294383036E-01         0.2567440122E-01
         0.2436394761E-01         0.2739852392E-01
         0.2625962059E-01         0.2705500596E-01
         0.2095169433E-01         0.2106203402E-01
         0.2777979355E-01         0.2190320991E-01
         0.2722896487E-01         0.2361564946E-01
         0.2660309813E-01         0.2503644242E-01
         0.2141776938E-01         0.2283070404E-01
         0.0000000000E+00         0.0000000000E+00
         0.1500000000E-01         0.0000000000E+00
         0.1000000000E-02         0.0000000000E+00
         0.2000000000E-02         0.0000000000E+00
         0.3000000000E-02         0.0000000000E+00
         0.4000000000E-02         0.0000000000E+00
         0.5000000000E-02         0.0000000000E+00
         0.6000000000E-02         0.0000000000E+00
         0.7000000000E-02         0.0000000000E+00
         0.8000000000E-02         0.0000000000E+00
         0.9000000000E-02         0.0000000000E+00
         0.1000000000E-01         0.0000000000E+00
         0.1100000000E-01         0.0000000000E+00
         0.1200000000E-01         0.0000000000E+00
         0.1300000000E-01         0.0000000000E+00
         0.1400000000E-01         0.0000000000E+00
         0.0000000000E+00         0.1500000000E-01
         0.1495376001E-01         0.1176886436E-02
         0.1481532511E-01         0.2346516977E-02
         0.1458554881E-01         0.3501680459E-02
         0.1426584774E-01         0.4635254918E-02
         0.1385819299E-01         0.5740251488E-02
         0.1336509786E-01         0.6809857499E-02
         0.1278960246E-01         0.7837478474E-02
         0.1213525491E-01         0.8816778788E-02
         0.1140608948E-01         0.9741720729E-02
         0.1060660171E-01         0.1060660172E-01
         0.9741720720E-02         0.1140608949E-01
         0.8816778779E-02         0.1213525492E-01
         0.7837478465E-02         0.1278960247E-01
         0.6809857489E-02         0.1336509787E-01
         0.5740251478E-02         0.1385819299E-01
         0.4635254907E-02         0.1426584775E-01
         0.3501680449E-02         0.1458554881E-01
         0.2346516966E-02         0.1481532511E-01
         0.1176886426E-02         0.1495376001E-01
         0.0000000000E+00         0.1000000000E-02
         0.0000000000E+00         0.2000000000E-02
         0.0000000000E+00         0.3000000000E-02
         0.0000000000E+00         0.4000000000E-02
         0.0000000000E+00         0.5000000000E-02
         0.0000000000E+00         0.6000000000E-02
         0.0000000000E+00         0.7000000000E-02
         0.0000000000E+00         0.8000000000E-02
         0.0000000000E+00         0.9000000000E-02
         0.0000000000E+00         0.1000000000E-01
         0.0000000000E+00         0.1100000000E-01
         0.0000000000E+00         0.1200000000E-01
         0.0000000000E+00         0.1300000000E-01
         0.0000000000E+00         0.1400000000E-01
         0.4099717362E-02         0.9753874481E-02
         0.5473753457E-02         0.5895691034E-02
         0.6536079204E-02         0.5738400541E-02
         0.7655285491E-02         0.5493805947E-02
         0.7604171393E-02         0.6520568403E-02
         0.5479389044E-02         0.7353280898E-02
         0.4449772999E-02         0.9206151911E-02
         0.4002947598E-02         0.2860249716E-02
         0.4521247445E-02         0.3516750610E-02
         0.5667799458E-02         0.3486936108E-02
         0.6725430825E-02         0.3426089179E-02
         0.7778875591E-02         0.3324437150E-02
         0.8752308396E-02         0.3216505676E-02
         0.9737497913E-02         0.3074163107E-02
         0.1071743364E-01         0.2978910485E-02
         0.3253049724E-02         0.3898443484E-02
         0.3319968616E-02         0.4828154330E-02
         0.3280110047E-02         0.5844438983E-02
         0.3187681494E-02         0.6843116626E-02
         0.3013764597E-02         0.7815668327E-02
         0.2810358359E-02         0.8776917002E-02
         0.2712857826E-02         0.9726740601E-02
         0.2746295100E-02         0.1070972252E-01
         0.1169284470E-01         0.3020506898E-02
         0.1150025645E-01         0.3950098373E-02
         0.1054206532E-01         0.5576666326E-02
         0.9943609445E-02         0.6209940541E-02
         0.9489709735E-02         0.6958289673E-02
         0.8981742807E-02         0.7766357717E-02
         0.8297035233E-02         0.8388861290E-02
         0.7576228026E-02         0.8903963392E-02
         0.6878880275E-02         0.9447638584E-02
         0.6202114300E-02         0.1006256321E-01
         0.5492661215E-02         0.1065662619E-01
         0.4695177781E-02         0.1103172439E-01
         0.2891831294E-02         0.1164952495E-01
         0.3108084753E-02         0.2091585474E-02
         0.4328815715E-02         0.2115661579E-02
         0.5043611627E-02         0.2219895587E-02
         0.5866227271E-02         0.2311208462E-02
         0.6843584973E-02         0.2273960417E-02
         0.7830009018E-02         0.2216765711E-02
         0.8836757698E-02         0.2138690919E-02
         0.9840787461E-02         0.2073047587E-02
         0.1085312358E-01         0.2038224794E-02
         0.1185233646E-01         0.2054577174E-02
         0.2055981920E-02         0.2099593204E-02
         0.2074315708E-02         0.3048560296E-02
         0.2085660633E-02         0.3946627037E-02
         0.2147438132E-02         0.4911190467E-02
         0.2158909621E-02         0.5882530589E-02
         0.2103200000E-02         0.6865209050E-02
         0.2003257822E-02         0.7842893653E-02
         0.1894560947E-02         0.8822024440E-02
         0.1860536859E-02         0.9812518839E-02
         0.1891008297E-02         0.1080097516E-01
         0.1952401802E-02         0.1179596323E-01
         0.1279238663E-01         0.2111921756E-02
         0.1259105897E-01         0.3145763274E-02
         0.1230284918E-01         0.4170522772E-02
         0.1190242723E-01         0.5163363987E-02
         0.1141753682E-01         0.6005337999E-02
         0.1087635594E-01         0.6799772921E-02
         0.1032808526E-01         0.7595199765E-02
         0.9709705183E-02         0.8388590246E-02
         0.8956962640E-02         0.9102782129E-02
         0.8278159499E-02         0.9768314197E-02
         0.7525974907E-02         0.1037498223E-01
         0.6749950910E-02         0.1096166172E-01
         0.5918444605E-02         0.1149672061E-01
         0.5025948344E-02         0.1194824754E-01
         0.4103981412E-02         0.1225378388E-01
         0.3092447088E-02         0.1256502287E-01
         0.2075355835E-02         0.1275575326E-01
         0.2079133779E-02         0.1171065941E-02
         0.3068162056E-02         0.1262600078E-02
         0.4058297823E-02         0.1179685520E-02
         0.5046061534E-02         0.1067652846E-02
         0.5989498418E-02         0.1121692100E-02
         0.6937990291E-02         0.1132440272E-02
         0.7915590805E-02         0.1104639241E-02
         0.8915186560E-02         0.1071000384E-02
         0.9930572254E-02         0.1040782789E-02
         0.1096137486E-01         0.1044838054E-02
         0.1196711264E-01         0.1053518341E-02
         0.1293824720E-01         0.1062085104E-02
         0.1045315603E-02         0.1048148047E-02
         0.1025937919E-02         0.3016069364E-02
         0.1040328018E-02         0.3994024779E-02
         0.1058284158E-02         0.4962058030E-02
         0.1067785284E-02         0.5939254140E-02
         0.1043269311E-02         0.6919206451E-02
         0.9921997279E-03         0.7914808693E-02
         0.9540437695E-03         0.8912059042E-02
         0.9408139814E-03         0.9917674709E-02
         0.9602746809E-03         0.1091885904E-01
         0.1000062216E-02         0.1190773093E-01
         0.1042164979E-02         0.1289777734E-01
         0.1121433831E-02         0.1387179500E-01
         0.1373027123E-01         0.2234534024E-02
         0.1347213617E-01         0.3323635639E-02
         0.1314683371E-01         0.4396095960E-02
         0.1275224397E-01         0.5433549596E-02
         0.1230985504E-01         0.6387809579E-02
         0.1178947819E-01         0.7303507818E-02
         0.1117560759E-01         0.8167516398E-02
         0.1047931012E-01         0.9026998955E-02
         0.9761958574E-02         0.9827037809E-02
         0.8987710669E-02         0.1057628997E-01
         0.8160625679E-02         0.1124536763E-01
         0.7279466653E-02         0.1185684352E-01
         0.6346848783E-02         0.1237311861E-01
         0.5362858640E-02         0.1283094522E-01
         0.4345053288E-02         0.1320118335E-01
         0.3300084252E-02         0.1349051429E-01
         0.2212338358E-02         0.1370736119E-01
         0.1389435437E-01         0.1116508755E-02
         0.1025211396E-02         0.2045926942E-02
         0.3124031019E-02         0.2976200326E-02
         0.1109988907E-01         0.4857789565E-02
         0.3818724230E-02         0.1142583522E-01
         0.1061191825E-01         0.3848975156E-02
         0.1054422576E-01         0.4584730065E-02
         0.4386476499E-02         0.1030711152E-01
         0.5036334727E-02         0.9841542961E-02
         0.8564654217E-02         0.6471217209E-02
         0.7640372993E-02         0.7565878741E-02
         0.6225754303E-02         0.8436932522E-02
         0.8764649630E-02         0.4299117700E-02
         0.6616967229E-02         0.4561893976E-02
         0.3472491711E-02         0.9730657045E-02
         0.3571523618E-02         0.1060119393E-01
         0.5604575789E-02         0.9119090846E-02
         0.6937850052E-02         0.7939637120E-02
         0.8410186805E-02         0.7270318156E-02
         0.9669333228E-02         0.4064294768E-02
         0.3673474823E-02         0.8835769083E-02
         0.4018368034E-02         0.7954174684E-02
         0.4307132769E-02         0.6965722086E-02
         0.4413439619E-02         0.5888139915E-02
         0.4442642686E-02         0.4721798309E-02
         0.7712620792E-02         0.4452620238E-02
         0.5538280911E-02         0.4653938607E-02
         0.8904314493E-02         0.5472786269E-02
         0.9908639958E-02         0.4939760223E-02
         0.6585676659E-02         0.6863874725E-02
         0.4883725966E-02         0.8393819126E-02
         0.0000000000E+00         0.5000000000E-01
         0.1500000000E-01         0.5000000000E-01
         0.1000000000E-02         0.5000000000E-01
         0.2000000000E-02         0.5000000000E-01
         0.3000000000E-02         0.5000000000E-01
         0.4000000000E-02         0.5000000000E-01
         0.5000000000E-02         0.5000000000E-01
         0.6000000000E-02         0.5000000000E-01
         0.7000000000E-02         0.5000000000E-01
         0.8000000000E-02         0.5000000000E-01
         0.9000000000E-02         0.5000000000E-01
         0.1000000000E-01         0.5000000000E-01
         0.1100000000E-01         0.5000000000E-01
         0.1200000000E-01         0.5000000000E-01
         0.1300000000E-01         0.5000000000E-01
         0.1400000000E-01         0.5000000000E-01
         0.0000000000E+00         0.3500000000E-01
         0.0000000000E+00         0.4900000000E-01
         0.0000000000E+00         0.4800000000E-01
         0.0000000000E+00         0.4700000000E-01
         0.0000000000E+00         0.4600000000E-01
         0.0000000000E+00         0.4500000000E-01
         0.0000000000E+00         0.4400000000E-01
         0.0000000000E+00         0.4300000000E-01
         0.0000000000E+00         0.4200000000E-01
         0.0000000000E+00         0.4100000000E-01
         0.0000000000E+00         0.4000000000E-01
         0.0000000000E+00         0.3900000000E-01
         0.0000000000E+00         0.3800000000E-01
         0.0000000000E+00         0.3700000000E-01
         0.0000000000E+00         0.3600000000E-01
         0.1176886436E-02         0.3504623999E-01
         0.2346516977E-02         0.3518467489E-01
         0.3501680459E-02         0.3541445119E-01
         0.4635254918E-02         0.3573415226E-01
         0.5740251488E-02         0.3614180701E-01
         0.6809857499E-02         0.3663490214E-01
         0.7837478474E-02         0.3721039754E-01
         0.8816778788E-02         0.3786474509E-01
         0.9741720729E-02         0.3859391052E-01
         0.1060660172E-01         0.3939339829E-01
         0.1140608949E-01         0.4025827928E-01
         0.1213525492E-01         0.4118322122E-01
         0.1278960247E-01         0.4216252154E-01
         0.1336509787E-01         0.4319014251E-01
         0.1385819299E-01         0.4425974852E-01
         0.1426584775E-01         0.4536474509E-01
         0.1458554881E-01         0.4649831955E-01
         0.1481532511E-01         0.4765348303E-01
         0.1495376001E-01         0.4882311357E-01
         0.7728211152E-02         0.4370901448E-01
         0.6661586847E-02         0.4370139725E-01
         0.6642111663E-02         0.4476062242E-01
         0.7738708719E-02         0.4467137512E-01
         0.5533733407E-02         0.4491208466E-01
         0.5545809529E-02         0.4382927025E-01
         0.5197728439E-02         0.4167039613E-01
         0.3691465714E-02         0.3930140170E-01
         0.4641013586E-02         0.3947682722E-01
         0.5393045169E-02         0.3997284063E-01
         0.6023378837E-02         0.4064279187E-01
         0.6680225493E-02         0.4120226923E-01
         0.7469659311E-02         0.4155843142E-01
         0.8366291253E-02         0.4185256066E-01
         0.9170546109E-02         0.4237729159E-01
         0.9645224113E-02         0.4324621694E-01
         0.9915645986E-02         0.4422895410E-01
         0.1021143209E-01         0.4535999139E-01
         0.1115098946E-01         0.4592641953E-01
         0.3321066461E-02         0.4668837900E-01
         0.4765991821E-02         0.4708568479E-01
         0.5731395688E-02         0.4691226909E-01
         0.6764859389E-02         0.4678816774E-01
         0.7814429206E-02         0.4667278107E-01
         0.8917599684E-02         0.4663229580E-01
         0.9930646335E-02         0.4667621827E-01
         0.1080059156E-01         0.4686582499E-01
         0.1172817032E-01         0.4707122005E-01
         0.3268516400E-02         0.4555906762E-01
         0.3204242443E-02         0.4455016354E-01
         0.3077948103E-02         0.4362898621E-01
         0.2966188503E-02         0.4269927515E-01
         0.2896048095E-02         0.4173600743E-01
         0.2828976226E-02         0.4079903491E-01
         0.2737049085E-02         0.3995948409E-01
         0.2563056084E-02         0.3928985747E-01
         0.3064655785E-02         0.3885434566E-01
         0.3128295563E-02         0.3774735419E-01
         0.4076144714E-02         0.3811871720E-01
         0.4987046622E-02         0.3850614698E-01
         0.5915490958E-02         0.3892997210E-01
         0.6687812771E-02         0.3949630189E-01
         0.7445669737E-02         0.4002430532E-01
         0.8226669232E-02         0.4052701566E-01
         0.9038732767E-02         0.4108110335E-01
         0.9793999101E-02         0.4178689040E-01
         0.1040163058E-01         0.4267016981E-01
         0.1085702953E-01         0.4361978648E-01
         0.1130675384E-01         0.4446866450E-01
         0.1243672550E-01         0.4603237510E-01
         0.1267015625E-01         0.4698996815E-01
         0.3823773514E-02         0.4802032476E-01
         0.4893266899E-02         0.4803525101E-01
         0.5874301455E-02         0.4792803237E-01
         0.6854194912E-02         0.4783282183E-01
         0.7878888676E-02         0.4778524404E-01
         0.8865859348E-02         0.4778741023E-01
         0.9840454656E-02         0.4782288386E-01
         0.1080086697E-01         0.4793298954E-01
         0.1172647252E-01         0.4792164174E-01
         0.1276974592E-01         0.4796376055E-01
         0.1375458687E-01         0.4780947410E-01
         0.2948429678E-02         0.4791422976E-01
         0.2139123829E-02         0.4682717112E-01
         0.2119351563E-02         0.4581917394E-01
         0.2071189150E-02         0.4481584214E-01
         0.1998297049E-02         0.4384242137E-01
         0.1966597079E-02         0.4285833605E-01
         0.1913271353E-02         0.4190416867E-01
         0.1870753878E-02         0.4097365451E-01
         0.1811427667E-02         0.4007193935E-01
         0.1945488779E-02         0.3914745800E-01
         0.1989400925E-02         0.3827938819E-01
         0.2129854346E-02         0.3741647099E-01
         0.2239673391E-02         0.3644888348E-01
         0.3310308049E-02         0.3671592083E-01
         0.4329767592E-02         0.3702842857E-01
         0.5320145050E-02         0.3741591080E-01
         0.6328378054E-02         0.3789518274E-01
         0.7252588840E-02         0.3837509030E-01
         0.8127964526E-02         0.3893015278E-01
         0.8964481210E-02         0.3957068076E-01
         0.9741004798E-02         0.4030147335E-01
         0.1048186587E-01         0.4114850187E-01
         0.1116673580E-01         0.4205507291E-01
         0.1177630829E-01         0.4292719562E-01
         0.1232490242E-01         0.4380756416E-01
         0.1280832695E-01         0.4472987122E-01
         0.1325523883E-01         0.4570827653E-01
         0.1355172987E-01         0.4677636077E-01
         0.1983340343E-02         0.4896702168E-01
         0.2943013528E-02         0.4898561387E-01
         0.3889083168E-02         0.4890859800E-01
         0.4927337278E-02         0.4897037312E-01
         0.5944965288E-02         0.4896364471E-01
         0.6941628147E-02         0.4892012091E-01
         0.7924537683E-02         0.4889411335E-01
         0.8907278564E-02         0.4891780163E-01
         0.9897376233E-02         0.4893008586E-01
         0.1088373040E-01         0.4896900935E-01
         0.1188197044E-01         0.4896991029E-01
         0.1286516847E-01         0.4895711179E-01
         0.1390143022E-01         0.4888557361E-01
         0.1031382428E-02         0.4794574432E-01
         0.1054688406E-02         0.4693432038E-01
         0.1022981601E-02         0.4595107007E-01
         0.9853377291E-03         0.4495944634E-01
         0.9738318835E-03         0.4395197478E-01
         0.9603194637E-03         0.4296518818E-01
         0.9503224270E-03         0.4197982269E-01
         0.9242442355E-03         0.4101272672E-01
         0.9411897077E-03         0.4003620679E-01
         0.9516752734E-03         0.3907181995E-01
         0.9921313701E-03         0.3811300734E-01
         0.1041534519E-02         0.3715411324E-01
         0.1128237686E-02         0.3620436780E-01
         0.1008270217E-02         0.4896962523E-01
         0.2044312276E-02         0.4788654535E-01
         0.1186560755E-01         0.4521299589E-01
         0.1177697676E-01         0.4635405239E-01
         0.3980410057E-02         0.4729430975E-01
         0.5732083268E-02         0.4255293849E-01
         0.8876263105E-02         0.4361325643E-01
         0.7939745521E-02         0.4267046311E-01
         0.4347520785E-02         0.4027906329E-01
         0.4378226779E-02         0.4522303592E-01
         0.3662458638E-02         0.4047776375E-01
         0.3845328672E-02         0.4144081565E-01
         0.4121745759E-02         0.4230779564E-01
         0.4311825313E-02         0.4319388199E-01
         0.4395564090E-02         0.4415577346E-01
         0.4519871952E-02         0.4615607937E-01
         0.8955679976E-02         0.4556676791E-01
         0.7777885506E-02         0.4565551742E-01
         0.6697225308E-02         0.4577557587E-01
         0.5624965522E-02         0.4592421960E-01
         0.8864578181E-02         0.4456991765E-01
         0.8656644102E-02         0.4284887240E-01
         0.6893913496E-02         0.4263162555E-01
         0.4759089068E-02         0.4093329674E-01
         0.5000000000E-01         0.0000000000E+00
         0.3500000000E-01         0.0000000000E+00
         0.4900000000E-01         0.0000000000E+00
         0.4800000000E-01         0.0000000000E+00
         0.4700000000E-01         0.0000000000E+00
         0.4600000000E-01         0.0000000000E+00
         0.4500000000E-01         0.0000000000E+00
         0.4400000000E-01         0.0000000000E+00
         0.4300000000E-01         0.0000000000E+00
         0.4200000000E-01         0.0000000000E+00
         0.4100000000E-01         0.0000000000E+00
         0.4000000000E-01         0.0000000000E+00
         0.3900000000E-01         0.0000000000E+00
         0.3800000000E-01         0.0000000000E+00
         0.3700000000E-01         0.0000000000E+00
         0.3600000000E-01         0.0000000000E+00
         0.5000000000E-01         0.1500000000E-01
         0.5000000000E-01         0.1000000000E-02
         0.5000000000E-01         0.2000000000E-02
         0.5000000000E-01         0.3000000000E-02
         0.5000000000E-01         0.4000000000E-02
         0.5000000000E-01         0.5000000000E-02
         0.5000000000E-01         0.6000000000E-02
         0.5000000000E-01         0.7000000000E-02
         0.5000000000E-01         0.8000000000E-02
         0.5000000000E-01         0.9000000000E-02
         0.5000000000E-01         0.1000000000E-01
         0.5000000000E-01         0.1100000000E-01
         0.5000000000E-01         0.1200000000E-01
         0.5000000000E-01         0.1300000000E-01
         0.5000000000E-01         0.1400000000E-01
         0.4882311356E-01         0.1495376001E-01
         0.4765348302E-01         0.1481532511E-01
         0.4649831954E-01         0.1458554881E-01
         0.4536474508E-01         0.1426584774E-01
         0.4425974851E-01         0.1385819299E-01
         0.4319014250E-01         0.1336509786E-01
         0.4216252153E-01         0.1278960246E-01
         0.4118322121E-01         0.1213525491E-01
         0.4025827927E-01         0.1140608948E-01
         0.3939339828E-01         0.1060660171E-01
         0.3859391051E-01         0.9741720720E-02
         0.3786474508E-01         0.8816778779E-02
         0.3721039753E-01         0.7837478465E-02
         0.3663490213E-01         0.6809857489E-02
         0.3614180701E-01         0.5740251478E-02
         0.3573415225E-01         0.4635254907E-02
         0.3541445119E-01         0.3501680449E-02
         0.3518467489E-01         0.2346516966E-02
         0.3504623999E-01         0.1176886426E-02
         0.4227836071E-01         0.6297578380E-02
         0.4332825330E-01         0.6302354455E-02
         0.4443880836E-01         0.6178049408E-02
         0.4479893221E-01         0.8350738377E-02
         0.4445954818E-01         0.5093987816E-02
         0.4336473955E-01         0.5244591872E-02
         0.4225488362E-01         0.5331680227E-02
         0.4628806686E-01         0.1067518295E-01
         0.4532411196E-01         0.1045305865E-01
         0.4458330048E-01         0.9988477604E-02
         0.4397146091E-01         0.9348688218E-02
         0.4331071394E-01         0.8807436069E-02
         0.4251715742E-01         0.8447600081E-02
         0.4162305615E-01         0.8151468352E-02
         0.4082812410E-01         0.7621286010E-02
         0.4035266028E-01         0.6754411535E-02
         0.4007859223E-01         0.5762994570E-02
         0.3979435359E-01         0.4640902872E-02
         0.3884741441E-01         0.4072311011E-02
         0.4674261531E-01         0.4440983756E-02
         0.4676998068E-01         0.5466035935E-02
         0.4685627688E-01         0.6411630197E-02
         0.4694645572E-01         0.7360228244E-02
         0.4709112722E-01         0.8272081377E-02
         0.4716389722E-01         0.9209244981E-02
         0.4725934633E-01         0.1004606586E-01
         0.4743682677E-01         0.1071006641E-01
         0.4668467451E-01         0.3311391509E-02
         0.4523804422E-01         0.2924331785E-02
         0.4424689595E-01         0.3087268010E-02
         0.4324083663E-01         0.3224522863E-02
         0.4219300822E-01         0.3339509128E-02
         0.4110235489E-01         0.3385859885E-02
         0.4006708461E-01         0.3321802360E-02
         0.3919806960E-01         0.3133053100E-02
         0.3827109752E-01         0.2928156727E-02
         0.4693555411E-01         0.1114589449E-01
         0.4686497943E-01         0.1223814172E-01
         0.4589939951E-01         0.1184041112E-01
         0.4496692706E-01         0.1141318881E-01
         0.4410104533E-01         0.1102824162E-01
         0.4331352572E-01         0.1049706953E-01
         0.4255246219E-01         0.9976747326E-02
         0.4176183223E-01         0.9473832482E-02
         0.4095592001E-01         0.8918729506E-02
         0.4019719787E-01         0.8212355221E-02
         0.3959737641E-01         0.7326784496E-02
         0.3914072601E-01         0.6378238612E-02
         0.3869250346E-01         0.5530514448E-02
         0.3756391777E-01         0.3966686659E-02
         0.3732949168E-01         0.3009700680E-02
         0.4785008280E-01         0.3173484112E-02
         0.4792104422E-01         0.4152318745E-02
         0.4793880624E-01         0.5181306661E-02
         0.4797645924E-01         0.6166908722E-02
         0.4803043271E-01         0.7139592605E-02
         0.4807857133E-01         0.8096989346E-02
         0.4812684944E-01         0.9025278121E-02
         0.4818837978E-01         0.9928143117E-02
         0.4805419649E-01         0.1085291257E-01
         0.4801059286E-01         0.1172083889E-01
         0.4787004659E-01         0.1258370171E-01
         0.4705232010E-01         0.2083368721E-02
         0.4617451931E-01         0.1973053218E-02
         0.4511161486E-01         0.1971822334E-02
         0.4413502905E-01         0.2082292308E-02
         0.4315178714E-01         0.2174317161E-02
         0.4214275202E-01         0.2230286258E-02
         0.4113537647E-01         0.2196133790E-02
         0.4015794696E-01         0.2175728184E-02
         0.3919802962E-01         0.2066127148E-02
         0.3827307597E-01         0.2077925382E-02
         0.3722997917E-01         0.2036025933E-02
         0.3624531747E-01         0.2190480437E-02
         0.4775596780E-01         0.1352327609E-01
         0.4669725684E-01         0.1324928575E-01
         0.4565805296E-01         0.1291737716E-01
         0.4465587124E-01         0.1255335634E-01
         0.4367932014E-01         0.1211035791E-01
         0.4274686156E-01         0.1162528528E-01
         0.4186262979E-01         0.1107200053E-01
         0.4103088239E-01         0.1043050451E-01
         0.4025933633E-01         0.9697205299E-02
         0.3950614511E-01         0.8849469408E-02
         0.3883267958E-01         0.7943842639E-02
         0.3821405690E-01         0.7077859545E-02
         0.3767497639E-01         0.6192323921E-02
         0.3719094322E-01         0.5269681646E-02
         0.3674810875E-01         0.4301614977E-02
         0.3644820584E-01         0.3223611604E-02
         0.4896631051E-01         0.2054979921E-02
         0.4894861698E-01         0.3061986341E-02
         0.4895490680E-01         0.4061534771E-02
         0.4899302243E-01         0.5051444319E-02
         0.4902648895E-01         0.6047970806E-02
         0.4903271447E-01         0.7043543549E-02
         0.4904973522E-01         0.8020140885E-02
         0.4907536404E-01         0.8987218750E-02
         0.4905879315E-01         0.9963970382E-02
         0.4904825941E-01         0.1092834319E-01
         0.4900783272E-01         0.1188712276E-01
         0.4895841060E-01         0.1284600551E-01
         0.4887763640E-01         0.1378810155E-01
         0.4801379464E-01         0.1038286077E-02
         0.4705730288E-01         0.1013379184E-02
         0.4611037162E-01         0.1090544965E-02
         0.4507326363E-01         0.1028835379E-02
         0.4405815165E-01         0.1043280182E-02
         0.4306343146E-01         0.1083245425E-02
         0.4208863601E-01         0.1107098862E-02
         0.4109072166E-01         0.1080291255E-02
         0.4010149921E-01         0.1068991243E-02
         0.3911602737E-01         0.1030707547E-02
         0.3811773100E-01         0.1029797327E-02
         0.3713475956E-01         0.1042826696E-02
         0.3609857849E-01         0.1114395612E-02
         0.4899079241E-01         0.1030676631E-02
         0.4794643112E-01         0.2125811770E-02
         0.3813380491E-01         0.4786371147E-02
         0.3822211587E-01         0.3645212549E-02
         0.4602555615E-01         0.2704286369E-02
         0.4422973764E-01         0.7455188905E-02
         0.4112125014E-01         0.6383680733E-02
         0.4205405879E-01         0.7329562381E-02
         0.4562133274E-01         0.9677969623E-02
         0.4562050116E-01         0.4781374393E-02
         0.4104587912E-01         0.4438202698E-02
         0.4221162006E-01         0.4345364782E-02
         0.4329798131E-01         0.4232215465E-02
         0.4437474982E-01         0.4080156745E-02
         0.4548429166E-01         0.3850284179E-02
         0.4632172045E-01         0.9503005996E-02
         0.4613510180E-01         0.8573415917E-02
         0.4584776594E-01         0.7707191257E-02
         0.4561953955E-01         0.6846581978E-02
         0.4558706947E-01         0.5854785649E-02
         0.4113504201E-01         0.5434734338E-02
         0.4134161715E-01         0.7148972155E-02
         0.4307867748E-01         0.7374338021E-02
         0.4520878903E-01         0.9031334984E-02
         0.5000000000E-01         0.5000000000E-01
         0.5000000000E-01         0.3500000000E-01
         0.5000000000E-01         0.4900000000E-01
         0.5000000000E-01         0.4800000000E-01
         0.5000000000E-01         0.4700000000E-01
         0.5000000000E-01         0.4600000000E-01
         0.5000000000E-01         0.4500000000E-01
         0.5000000000E-01         0.4400000000E-01
         0.5000000000E-01         0.4300000000E-01
         0.5000000000E-01         0.4200000000E-01
         0.5000000000E-01         0.4100000000E-01
         0.5000000000E-01         0.4000000000E-01
         0.5000000000E-01         0.3900000000E-01
         0.5000000000E-01         0.3800000000E-01
         0.5000000000E-01         0.3700000000E-01
         0.5000000000E-01         0.3600000000E-01
         0.3500000000E-01         0.5000000000E-01
         0.4900000000E-01         0.5000000000E-01
         0.4800000000E-01         0.5000000000E-01
         0.4700000000E-01         0.5000000000E-01
         0.4600000000E-01         0.5000000000E-01
         0.4500000000E-01         0.5000000000E-01
         0.4400000000E-01         0.5000000000E-01
         0.4300000000E-01         0.5000000000E-01
         0.4200000000E-01         0.5000000000E-01
         0.4100000000E-01         0.5000000000E-01
         0.4000000000E-01         0.5000000000E-01
         0.3900000000E-01         0.5000000000E-01
         0.3800000000E-01         0.5000000000E-01
         0.3700000000E-01         0.5000000000E-01
         0.3600000000E-01         0.5000000000E-01
         0.3504623999E-01         0.4882311356E-01
         0.3518467489E-01         0.4765348302E-01
         0.3541445119E-01         0.4649831954E-01
         0.3573415226E-01         0.4536474508E-01
         0.3614180701E-01         0.4425974851E-01
         0.3663490214E-01         0.4319014250E-01
         0.3721039754E-01         0.4216252153E-01
         0.3786474509E-01         0.4118322121E-01
         0.3859391052E-01         0.4025827927E-01
         0.3939339829E-01         0.3939339828E-01
         0.4025827928E-01         0.3859391051E-01
         0.4118322122E-01         0.3786474508E-01
         0.4216252154E-01         0.3721039753E-01
         0.4319014251E-01         0.3663490213E-01
         0.4425974852E-01         0.3614180701E-01
         0.4536474509E-01         0.3573415225E-01
         0.4649831955E-01         0.3541445119E-01
         0.4765348303E-01         0.3518467489E-01
         0.4882311357E-01         0.3504623999E-01
         0.4370241403E-01         0.4227835559E-01
         0.4369763751E-01         0.4332824706E-01
         0.4382194241E-01         0.4443880011E-01
         0.4164925319E-01         0.4479892559E-01
         0.4490600696E-01         0.4445954333E-01
         0.4475540248E-01         0.4336473480E-01
         0.4466831533E-01         0.4225488009E-01
         0.3932480848E-01         0.4628806553E-01
         0.3954694034E-01         0.4532411242E-01
         0.4001150715E-01         0.4458329393E-01
         0.4065129048E-01         0.4397145050E-01
         0.4119254268E-01         0.4331070260E-01
         0.4155237501E-01         0.4251714113E-01
         0.4184851439E-01         0.4162304251E-01
         0.4237870854E-01         0.4082811717E-01
         0.4324557908E-01         0.4035265402E-01
         0.4423699821E-01         0.4007858696E-01
         0.4535909372E-01         0.3979435203E-01
         0.4592768899E-01         0.3884741441E-01
         0.4555901419E-01         0.4674261262E-01
         0.4453396214E-01         0.4676997754E-01
         0.4358836879E-01         0.4685627389E-01
         0.4263977062E-01         0.4694645377E-01
         0.4172791784E-01         0.4709112613E-01
         0.4079075429E-01         0.4716389702E-01
         0.3995393178E-01         0.4725934549E-01
         0.3928993137E-01         0.4743682682E-01
         0.4668860673E-01         0.4668467275E-01
         0.4707566669E-01         0.4523804342E-01
         0.4691273019E-01         0.4424689494E-01
         0.4677547476E-01         0.4324083630E-01
         0.4666048988E-01         0.4219300829E-01
         0.4661413959E-01         0.4110235512E-01
         0.4667819764E-01         0.4006708461E-01
         0.4686694630E-01         0.3919806904E-01
         0.4707184184E-01         0.3827109524E-01
         0.3885410072E-01         0.4693555557E-01
         0.3776183686E-01         0.4686496973E-01
         0.3815955351E-01         0.4589938786E-01
         0.3858681119E-01         0.4496692706E-01
         0.3897172192E-01         0.4410103047E-01
         0.3950289499E-01         0.4331351188E-01
         0.4002321676E-01         0.4255244445E-01
         0.4052612940E-01         0.4176181188E-01
         0.4108124232E-01         0.4095590056E-01
         0.4178762968E-01         0.4019718093E-01
         0.4267320173E-01         0.3959736388E-01
         0.4362175172E-01         0.3914071716E-01
         0.4446948126E-01         0.3869250091E-01
         0.4603329934E-01         0.3756390369E-01
         0.4699028091E-01         0.3732948292E-01
         0.4682651510E-01         0.4785008174E-01
         0.4584768102E-01         0.4792104371E-01
         0.4481869293E-01         0.4793880493E-01
         0.4383309110E-01         0.4797645816E-01
         0.4286040736E-01         0.4803043213E-01
         0.4190301049E-01         0.4807857108E-01
         0.4097472167E-01         0.4812684926E-01
         0.4007185673E-01         0.4818837969E-01
         0.3914708743E-01         0.4805419649E-01
         0.3827915604E-01         0.4801059279E-01
         0.3741628972E-01         0.4787004184E-01
         0.4791663062E-01         0.4705231982E-01
         0.4802694678E-01         0.4617451931E-01
         0.4802817737E-01         0.4511161493E-01
         0.4791770731E-01         0.4413502903E-01
         0.4782568237E-01         0.4315178730E-01
         0.4776971343E-01         0.4214275215E-01
         0.4780386566E-01         0.4113537665E-01
         0.4782427158E-01         0.4015794696E-01
         0.4793387285E-01         0.3919802962E-01
         0.4792207462E-01         0.3827307597E-01
         0.4796395930E-01         0.3722997711E-01
         0.4780951001E-01         0.3624533253E-01
         0.3647667587E-01         0.4775593668E-01
         0.3675065842E-01         0.4669722743E-01
         0.3708255872E-01         0.4565803222E-01
         0.3744655444E-01         0.4465585876E-01
         0.3788958745E-01         0.4367928087E-01
         0.3837466535E-01         0.4274682835E-01
         0.3892793925E-01         0.4186262280E-01
         0.3956942817E-01         0.4103085604E-01
         0.4030272108E-01         0.4025931301E-01
         0.4115050730E-01         0.3950611606E-01
         0.4205611786E-01         0.3883267822E-01
         0.4292212823E-01         0.3821403521E-01
         0.4380767608E-01         0.3767497639E-01
         0.4473031137E-01         0.3719092242E-01
         0.4569835892E-01         0.3674809646E-01
         0.4677635496E-01         0.3644817380E-01
         0.4794501987E-01         0.4896631024E-01
         0.4693801351E-01         0.4894861663E-01
         0.4593846507E-01         0.4895490648E-01
         0.4494855561E-01         0.4899302218E-01
         0.4395202918E-01         0.4902648894E-01
         0.4295645642E-01         0.4903271436E-01
         0.4197985906E-01         0.4904973512E-01
         0.4101278122E-01         0.4907536399E-01
         0.4003602962E-01         0.4905879315E-01
         0.3907165681E-01         0.4904825941E-01
         0.3811287385E-01         0.4900783139E-01
         0.3715398606E-01         0.4895840939E-01
         0.3621185487E-01         0.4887764993E-01
         0.4896171370E-01         0.4801379456E-01
         0.4898662082E-01         0.4705730288E-01
         0.4890945503E-01         0.4611037162E-01
         0.4897116462E-01         0.4507326363E-01
         0.4895671975E-01         0.4405815169E-01
         0.4891675438E-01         0.4306343150E-01
         0.4889290104E-01         0.4208863604E-01
         0.4891970874E-01         0.4109072166E-01
         0.4893100862E-01         0.4010149926E-01
         0.4896929245E-01         0.3911602737E-01
         0.4897020053E-01         0.3811772895E-01
         0.4895717290E-01         0.3713475583E-01
         0.4888555046E-01         0.3609855094E-01
         0.4896932323E-01         0.4899079231E-01
         0.4787418764E-01         0.4794643059E-01
         0.4521362290E-01         0.3813380516E-01
         0.4635478382E-01         0.3822211202E-01
         0.4729571240E-01         0.4602555551E-01
         0.4254480664E-01         0.4422973196E-01
         0.4361631959E-01         0.4112124982E-01
         0.4267043395E-01         0.4205405481E-01
         0.4032202839E-01         0.4562133205E-01
         0.4521862156E-01         0.4562049627E-01
         0.4556179450E-01         0.4104587702E-01
         0.4565463215E-01         0.4221161791E-01
         0.4576778096E-01         0.4329797882E-01
         0.4591983978E-01         0.4437474706E-01
         0.4614971299E-01         0.4548428888E-01
         0.4049699111E-01         0.4632172002E-01
         0.4142658193E-01         0.4613510025E-01
         0.4229280642E-01         0.4584776244E-01
         0.4315341382E-01         0.4561953469E-01
         0.4414521036E-01         0.4558706400E-01
         0.4456526168E-01         0.4113503774E-01
         0.4285101413E-01         0.4134161943E-01
         0.4262564606E-01         0.4307866726E-01
         0.4096866420E-01         0.4520878804E-01
         0.1600000000E-01         0.0000000000E+00
         0.1700000000E-01         0.0000000000E+00
         0.1800000000E-01         0.0000000000E+00
         0.1900000000E-01         0.0000000000E+00
         0.2000000000E-01         0.0000000000E+00
         0.2100000000E-01         0.0000000000E+00
         0.2200000000E-01         0.0000000000E+00
         0.2300000000E-01         0.0000000000E+00
         0.2400000000E-01         0.0000000000E+00
         0.2500000000E-01         0.0000000000E+00
         0.2600000000E-01         0.0000000000E+00
         0.2700000000E-01         0.0000000000E+00
         0.2800000000E-01         0.0000000000E+00
         0.2900000000E-01         0.0000000000E+00
         0.3000000000E-01         0.0000000000E+00
         0.3100000000E-01         0.0000000000E+00
         0.3200000000E-01         0.0000000000E+00
         0.3300000000E-01         0.0000000000E+00
         0.3400000000E-01         0.0000000000E+00
         0.5000000000E-01         0.1600000000E-01
         0.5000000000E-01         0.1700000000E-01
         0.5000000000E-01         0.1800000000E-01
         0.5000000000E-01         0.1900000000E-01
         0.5000000000E-01         0.2000000000E-01
         0.5000000000E-01         0.2100000000E-01
         0.5000000000E-01         0.2200000000E-01
         0.5000000000E-01         0.2300000000E-01
         0.5000000000E-01         0.2400000000E-01
         0.5000000000E-01         0.2500000000E-01
         0.5000000000E-01         0.2600000000E-01
         0.5000000000E-01         0.2700000000E-01
         0.5000000000E-01         0.2800000000E-01
         0.5000000000E-01         0.2900000000E-01
         0.5000000000E-01         0.3000000000E-01
         0.5000000000E-01         0.3100000000E-01
         0.5000000000E-01         0.3200000000E-01
         0.5000000000E-01         0.3300000000E-01
         0.5000000000E-01         0.3400000000E-01
         0.3400000000E-01         0.5000000000E-01
         0.3300000000E-01         0.5000000000E-01
         0.3200000000E-01         0.5000000000E-01
         0.3100000000E-01         0.5000000000E-01
         0.3000000000E-01         0.5000000000E-01
         0.2900000000E-01         0.5000000000E-01
         0.2800000000E-01         0.5000000000E-01
         0.2700000000E-01         0.5000000000E-01
         0.2600000000E-01         0.5000000000E-01
         0.2500000000E-01         0.5000000000E-01
         0.2400000000E-01         0.5000000000E-01
         0.2300000000E-01         0.5000000000E-01
         0.2200000000E-01         0.5000000000E-01
         0.2100000000E-01         0.5000000000E-01
         0.2000000000E-01         0.5000000000E-01
         0.1900000000E-01         0.5000000000E-01
         0.1800000000E-01         0.5000000000E-01
         0.1700000000E-01         0.5000000000E-01
         0.1600000000E-01         0.5000000000E-01
         0.0000000000E+00         0.1600000000E-01
         0.0000000000E+00         0.1700000000E-01
         0.0000000000E+00         0.1800000000E-01
         0.0000000000E+00         0.1900000000E-01
         0.0000000000E+00         0.2000000000E-01
         0.0000000000E+00         0.2100000000E-01
         0.0000000000E+00         0.2200000000E-01
         0.0000000000E+00         0.2300000000E-01
         0.0000000000E+00         0.2400000000E-01
         0.0000000000E+00         0.2500000000E-01
         0.0000000000E+00         0.2600000000E-01
         0.0000000000E+00         0.2700000000E-01
         0.0000000000E+00         0.2800000000E-01
         0.0000000000E+00         0.2900000000E-01
         0.0000000000E+00         0.3000000000E-01
         0.0000000000E+00         0.3100000000E-01
         0.0000000000E+00         0.3200000000E-01
         0.0000000000E+00         0.3300000000E-01
         0.0000000000E+00         0.3400000000E-01
         0.2324491374E-01         0.5110341848E-02
         0.2310068649E-01         0.5843936146E-02
         0.2643701935E-01         0.4109677021E-01
         0.2340367205E-01         0.4098034506E-01
         0.2874501448E-01         0.4363982347E-01
         0.7649919079E-02         0.3059196887E-01
         0.3656741926E-02         0.2947961243E-01
         0.2232630394E-01         0.6097821748E-02
         0.2137122225E-01         0.6027226782E-02
         0.2178281279E-01         0.5343789228E-02
         0.2831678505E-01         0.6764976736E-02
         0.5112982780E-02         0.2048009763E-01
         0.4431578427E-01         0.2847984650E-01
         0.2946076778E-01         0.4457389828E-01
         0.2173275532E-01         0.4402592767E-01
         0.2092083681E-01         0.4447831259E-01
         0.4400625785E-01         0.2961350513E-01
         0.2681881472E-01         0.4401732174E-01
         0.2475418047E-01         0.4364059450E-01
         0.2258365300E-01         0.4365052585E-01
         0.2005316455E-01         0.4353219374E-01
         0.7151177680E-02         0.2900123795E-01
         0.2359221250E-01         0.6242713637E-02
         0.2486777913E-01         0.6101678802E-02
         0.2701697116E-01         0.6897983217E-02
         0.2956617548E-01         0.6280194779E-02
         0.4451099436E-01         0.1963671954E-01
         0.4479223105E-01         0.2057449248E-01
         0.7536494874E-02         0.1717397235E-01
         0.1777645959E-01         0.5458715959E-02
         0.6314911893E-02         0.1727337789E-01
         0.5073225331E-02         0.1738860583E-01
         0.4445497397E-01         0.1837799871E-01
         0.4292497242E-01         0.1861667850E-01
         0.3255231831E-01         0.7043044325E-02
         0.3194408560E-01         0.4420225046E-02
         0.3199864656E-01         0.4418290191E-01
         0.4271355938E-01         0.3260402931E-01
         0.4554704666E-01         0.3199426050E-01
         0.5801259047E-02         0.3031877638E-01
         0.1757258734E-01         0.4407270487E-01
         0.1777680169E-01         0.4538428670E-01
         0.4124175466E-01         0.3312505130E-01
         0.3254461327E-01         0.4155767952E-01
         0.2929955727E-01         0.4230475294E-01
         0.2823291569E-01         0.4301339491E-01
         0.2622322138E-01         0.4238290180E-01
         0.2130525284E-01         0.4289784576E-01
         0.1998655946E-01         0.4249675833E-01
         0.1712523164E-01         0.4135044110E-01
         0.8352334269E-02         0.3195116318E-01
         0.6655700708E-02         0.2000577812E-01
         0.5754328018E-02         0.1954257144E-01
         0.8841149429E-02         0.1703816791E-01
         0.1725690755E-01         0.8421290555E-02
         0.2003898634E-01         0.6945727259E-02
         0.2250092861E-01         0.6923099771E-02
         0.2408281994E-01         0.7079228140E-02
         0.3288384193E-01         0.8504001030E-02
         0.4122666571E-01         0.1874196456E-01
         0.1791946501E-01         0.4061790608E-02
         0.1902043846E-01         0.4089323621E-02
         0.2009563984E-01         0.3920133371E-02
         0.2115828513E-01         0.3578992305E-02
         0.2221055974E-01         0.3301277867E-02
         0.2327640997E-01         0.3223533772E-02
         0.2429792846E-01         0.3314821571E-02
         0.2526486009E-01         0.3522820853E-02
         0.2622283845E-01         0.3656250962E-02
         0.2720071933E-01         0.3639384790E-02
         0.2823840336E-01         0.3687320508E-02
         0.2933407119E-01         0.3702277784E-02
         0.3046331126E-01         0.3548310642E-02
         0.3162146365E-01         0.3276986425E-02
         0.3384698648E-02         0.2049743855E-01
         0.3256321584E-02         0.2147794787E-01
         0.3208530466E-02         0.2241355070E-01
         0.3343734281E-02         0.2332798277E-01
         0.4100351232E-02         0.2396359546E-01
         0.4717550019E-02         0.2469534859E-01
         0.4973218009E-02         0.2578061269E-01
         0.4280392618E-02         0.2842069551E-01
         0.5267849797E-02         0.2905147902E-01
         0.4087521227E-02         0.3016735545E-01
         0.4397774484E-02         0.3126369757E-01
         0.4593985131E-01         0.1818654199E-01
         0.4595813814E-01         0.1934873448E-01
         0.4611829286E-01         0.2053858522E-01
         0.4555223418E-01         0.2175827444E-01
         0.4533506874E-01         0.2291083758E-01
         0.4534712033E-01         0.2407332231E-01
         0.4559371343E-01         0.2505913230E-01
         0.4588164295E-01         0.2593474971E-01
         0.4627603497E-01         0.2673206102E-01
         0.4663259276E-01         0.2753972157E-01
         0.4666515298E-01         0.2853278235E-01
         0.4659329110E-01         0.2951966079E-01
         0.4659346413E-01         0.3053448923E-01
         0.4674356095E-01         0.3168005506E-01
         0.3166639093E-01         0.4571257832E-01
         0.3040050329E-01         0.4641564790E-01
         0.2946318341E-01         0.4669581749E-01
         0.2849662962E-01         0.4672719985E-01
         0.2757350107E-01         0.4666236289E-01
         0.2663047293E-01         0.4656429495E-01
         0.2566215598E-01         0.4650609182E-01
         0.2469183320E-01         0.4646262990E-01
         0.2372928607E-01         0.4645376805E-01
         0.2279846613E-01         0.4642983185E-01
         0.2183189183E-01         0.4653462583E-01
         0.2081210972E-01         0.4670571377E-01
         0.2015696211E-01         0.4664085838E-01
         0.1816221620E-01         0.4656093848E-01
         0.3280504362E-01         0.2576032859E-02
         0.4742381194E-01         0.3280495702E-01
         0.1710951900E-01         0.4727461238E-01
         0.1677958343E-01         0.3947718332E-02
         0.1661886992E-01         0.5257402317E-02
         0.1633283027E-01         0.6615626953E-02
         0.1595521875E-01         0.8013243084E-02
         0.1538084371E-01         0.9307216145E-02
         0.1324421973E-01         0.1176270022E-01
         0.1100828898E-01         0.1405848188E-01
         0.9815353419E-02         0.1497365935E-01
         0.8661531844E-02         0.1542191191E-01
         0.7445589303E-02         0.1573597093E-01
         0.6246553084E-02         0.1603776264E-01
         0.5038991385E-02         0.1631418833E-01
         0.4602335183E-01         0.1696581166E-01
         0.4471064766E-01         0.1694808339E-01
         0.4344795351E-01         0.1692955986E-01
         0.4209906607E-01         0.1661912806E-01
         0.4094877580E-01         0.1601582237E-01
         0.3984082997E-01         0.1498518841E-01
         0.3771489755E-01         0.1289202162E-01
         0.3563739228E-01         0.1061501513E-01
         0.3471737521E-01         0.9411792216E-02
         0.3419799377E-01         0.8086070066E-02
         0.3376075225E-01         0.6694464158E-02
         0.3343626097E-01         0.5366488763E-02
         0.3314460936E-01         0.4029945669E-02
         0.3307230648E-01         0.4593199819E-01
         0.3333949249E-01         0.4462941576E-01
         0.3370904280E-01         0.4337628584E-01
         0.3418193546E-01         0.4222021684E-01
         0.3485980767E-01         0.4115402865E-01
         0.3572141910E-01         0.4012598473E-01
         0.3748526151E-01         0.3843088896E-01
         0.3927284268E-01         0.3614889397E-01
         0.4062586542E-01         0.3516430919E-01
         0.4189439277E-01         0.3440950902E-01
         0.4318997395E-01         0.3387026207E-01
         0.4453478654E-01         0.3346544291E-01
         0.4591954739E-01         0.3316874333E-01
         0.4403660446E-02         0.3265226842E-01
         0.6041294223E-02         0.3222679990E-01
         0.6910713516E-02         0.3332994820E-01
         0.7607927649E-02         0.3414991689E-01
         0.8928489657E-02         0.3383625041E-01
         0.1018503593E-01         0.3482280046E-01
         0.1227352514E-01         0.3706226701E-01
         0.1435762923E-01         0.3937913082E-01
         0.1529592704E-01         0.4056695753E-01
         0.1578498125E-01         0.4183729348E-01
         0.1612015056E-01         0.4315204278E-01
         0.1642496032E-01         0.4447261366E-01
         0.1672233092E-01         0.4583162843E-01
         0.4325828755E-01         0.2801149528E-01
         0.4257678900E-01         0.2963278990E-01
         0.3995992375E-01         0.3406291705E-01
         0.3854236462E-01         0.3527185793E-01
         0.3730558247E-01         0.3723176110E-01
         0.3659410728E-01         0.3910618678E-01
         0.3456693443E-01         0.3943813905E-01
         0.3344065761E-01         0.4048547957E-01
         0.2484061606E-01         0.4233565244E-01
         0.2346447669E-01         0.4224251894E-01
         0.2018566238E-01         0.4146390874E-01
         0.1677279161E-01         0.3973501473E-01
         0.1528506068E-01         0.3831183623E-01
         0.1329475060E-01         0.3820906344E-01
         0.1124614164E-01         0.3592703484E-01
         0.7401118023E-02         0.2098646199E-01
         0.1044782189E-01         0.1682438378E-01
         0.1214753790E-01         0.1288951034E-01
         0.1433079467E-01         0.1058688442E-01
         0.2145304012E-01         0.8130101132E-02
         0.2293366283E-01         0.7815609298E-02
         0.3046710993E-01         0.8478004788E-02
         0.3323103957E-01         0.1020493957E-01
         0.3472449695E-01         0.1167882920E-01
         0.3669768739E-01         0.1176467229E-01
         0.3876151019E-01         0.1397924074E-01
         0.1690196896E-01         0.2632505158E-02
         0.1797003579E-01         0.2701497179E-02
         0.1900953701E-01         0.2692063484E-02
         0.2004643921E-01         0.2586819538E-02
         0.2108501951E-01         0.2416247997E-02
         0.2213879182E-01         0.2251502119E-02
         0.2319873985E-01         0.2180331623E-02
         0.2423692153E-01         0.2211353292E-02
         0.2522086971E-01         0.2317541264E-02
         0.2620107196E-01         0.2383617909E-02
         0.2719631587E-01         0.2406940814E-02
         0.2821550906E-01         0.2386637073E-02
         0.2923748284E-01         0.2403883393E-02
         0.3026040275E-01         0.2343234757E-02
         0.3124153634E-01         0.2195823230E-02
         0.3202978101E-01         0.1946469906E-02
         0.2514975099E-02         0.1671686426E-01
         0.2418490763E-02         0.1964504888E-01
         0.2352644333E-02         0.2060578792E-01
         0.2200646035E-02         0.2163721045E-01
         0.2182739579E-02         0.2266282633E-01
         0.2255491470E-02         0.2372274960E-01
         0.2707435319E-02         0.2452047104E-01
         0.2825560347E-02         0.2545869216E-01
         0.3048255185E-02         0.2638959433E-01
         0.3150811938E-02         0.2737091248E-01
         0.2901177051E-02         0.2845140700E-01
         0.2641944271E-02         0.2957579485E-01
         0.2725979082E-02         0.3067563268E-01
         0.2887022167E-02         0.3172031111E-01
         0.2887224370E-02         0.3284332741E-01
         0.4735527667E-01         0.1698120470E-01
         0.4732093156E-01         0.1810678446E-01
         0.4730054933E-01         0.1923307074E-01
         0.4733213907E-01         0.2037560452E-01
         0.4709650758E-01         0.2151161986E-01
         0.4694771465E-01         0.2258434514E-01
         0.4702627122E-01         0.2356653556E-01
         0.4712217799E-01         0.2454808799E-01
         0.4735807538E-01         0.2544378111E-01
         0.4755473729E-01         0.2634942435E-01
         0.4772530413E-01         0.2730302318E-01
         0.4776270929E-01         0.2832628938E-01
         0.4774976455E-01         0.2932989869E-01
         0.4770077234E-01         0.3030685715E-01
         0.4780032563E-01         0.3129585506E-01
         0.4805103492E-01         0.3204599724E-01
         0.3299756521E-01         0.4727049721E-01
         0.3185389407E-01         0.4730250077E-01
         0.3079964186E-01         0.4748048901E-01
         0.2969824511E-01         0.4776056970E-01
         0.2868625320E-01         0.4782255700E-01
         0.2769719300E-01         0.4780913099E-01
         0.2672174708E-01         0.4776168670E-01
         0.2573653369E-01         0.4772569602E-01
         0.2476516969E-01         0.4768061092E-01
         0.2378717957E-01         0.4769985485E-01
         0.2282851876E-01         0.4767699815E-01
         0.2184543484E-01         0.4771815553E-01
         0.2083890554E-01         0.4777066861E-01
         0.1966609166E-01         0.4748547988E-01
         0.1866572783E-01         0.4768907420E-01
         0.1795969850E-01         0.4797829937E-01
         0.1584046420E-01         0.2498053094E-02
         0.1566238539E-01         0.3734637876E-02
         0.1540670142E-01         0.4957431983E-02
         0.1505554634E-01         0.6189653690E-02
         0.1458578228E-01         0.7400698603E-02
         0.1400113319E-01         0.8518439931E-02
         0.1321908215E-01         0.9675056833E-02
         0.1232070674E-01         0.1073980522E-01
         0.1134381864E-01         0.1172965150E-01
         0.1028157108E-01         0.1256587211E-01
         0.9221168944E-02         0.1322708795E-01
         0.8165171486E-02         0.1379775420E-01
         0.7084565759E-02         0.1431139130E-01
         0.5980319001E-02         0.1478356529E-01
         0.4852303373E-02         0.1518454849E-01
         0.3662282224E-02         0.1551639152E-01
         0.2447225756E-02         0.1574908073E-01
         0.4751035518E-01         0.1583869000E-01
         0.4626083733E-01         0.1568711909E-01
         0.4511640233E-01         0.1547533803E-01
         0.4398924380E-01         0.1514405543E-01
         0.4282179858E-01         0.1469950119E-01
         0.4168417636E-01         0.1413709902E-01
         0.4059725566E-01         0.1346557354E-01
         0.3955526224E-01         0.1267809364E-01
         0.3857219740E-01         0.1176940419E-01
         0.3764883224E-01         0.1074196694E-01
         0.3682804551E-01         0.9665272451E-02
         0.3612831152E-01         0.8556168523E-02
         0.3553543744E-01         0.7420743348E-02
         0.3503796554E-01         0.6209534005E-02
         0.3465111050E-01         0.4990883770E-02
         0.3435186380E-01         0.3751578402E-02
         0.3415126130E-01         0.2479534792E-02
         0.3418603573E-01         0.4746869665E-01
         0.3440529610E-01         0.4624530306E-01
         0.3474749369E-01         0.4507342235E-01
         0.3517857431E-01         0.4393188797E-01
         0.3570222775E-01         0.4283361075E-01
         0.3628873476E-01         0.4177403126E-01
         0.3696788523E-01         0.4074854960E-01
         0.3776442335E-01         0.3978013528E-01
         0.3854883133E-01         0.3893025932E-01
         0.3925561393E-01         0.3806965789E-01
         0.4025857072E-01         0.3703729217E-01
         0.4142104074E-01         0.3623478984E-01
         0.4258523816E-01         0.3562098559E-01
         0.4375700666E-01         0.3510687230E-01
         0.4497053004E-01         0.3468707481E-01
         0.4622383891E-01         0.3436335135E-01
         0.4752206786E-01         0.3414850909E-01
         0.2668933042E-02         0.3405636537E-01
         0.3967533329E-02         0.3421836818E-01
         0.5140390876E-02         0.3458118298E-01
         0.6241245310E-02         0.3499885766E-01
         0.7176512533E-02         0.3539958078E-01
         0.8230016407E-02         0.3592880209E-01
         0.9364887778E-02         0.3655841249E-01
         0.1041929366E-01         0.3733596621E-01
         0.1140994869E-01         0.3825929170E-01
         0.1231958152E-01         0.3927031604E-01
         0.1315517175E-01         0.4034842428E-01
         0.1384587850E-01         0.4144559327E-01
         0.1440642829E-01         0.4256040942E-01
         0.1490102821E-01         0.4371127504E-01
         0.1530323236E-01         0.4492091302E-01
         0.1561398500E-01         0.4617600386E-01
         0.1582426933E-01         0.4745887243E-01
         0.3905709894E-01         0.3324413591E-01
         0.3785903308E-01         0.3448984559E-01
         0.3679795077E-01         0.3534496241E-01
         0.3677964118E-01         0.3637770626E-01
         0.3489480302E-01         0.3775286561E-01
         0.3350354060E-01         0.3874017225E-01
         0.3220417284E-01         0.3968523312E-01
         0.1418020287E-01         0.3711799999E-01
         0.1313913186E-01         0.3591460527E-01
         0.1215831055E-01         0.3464777570E-01
         0.1126609061E-01         0.3332581252E-01
         0.1045289023E-01         0.3195545772E-01
         0.9683926277E-02         0.3063069125E-01
         0.9096437441E-02         0.2912002285E-01
         0.8589760004E-02         0.2775306130E-01
         0.1195116575E-01         0.1517637515E-01
         0.1301465353E-01         0.1397119445E-01
         0.1411738532E-01         0.1279527638E-01
         0.1525668880E-01         0.1165278900E-01
         0.1684044790E-01         0.1017128923E-01
         0.1865269140E-01         0.9885736392E-02
         0.3582754444E-01         0.1285490268E-01
         0.3689150088E-01         0.1400694736E-01
         0.3792870899E-01         0.1519838516E-01
         0.3895480885E-01         0.1636103855E-01
         0.3999963549E-01         0.1751671168E-01
         0.1594101909E-01         0.1260242908E-02
         0.1697205174E-01         0.1317581010E-02
         0.1799888229E-01         0.1344495993E-02
         0.1901449667E-01         0.1335524832E-02
         0.2002419279E-01         0.1286366099E-02
         0.2104621203E-01         0.1213396256E-02
         0.2208069105E-01         0.1142531277E-02
         0.2312617534E-01         0.1075319967E-02
         0.2412871437E-01         0.1097213649E-02
         0.2512667943E-01         0.1143069125E-02
         0.2612196861E-01         0.1169895283E-02
         0.2712480674E-01         0.1145857421E-02
         0.2812477297E-01         0.1162432801E-02
         0.2912561242E-01         0.1148717955E-02
         0.3012728313E-01         0.1132457512E-02
         0.3106200496E-01         0.1075853734E-02
         0.3206622503E-01         0.1053130995E-02
         0.3307772630E-01         0.1219868498E-02
         0.1217077337E-02         0.1590172100E-01
         0.1262325485E-02         0.1785661091E-01
         0.1241424468E-02         0.1883670701E-01
         0.1233699740E-02         0.1981593276E-01
         0.1168791529E-02         0.2079347487E-01
         0.1140812539E-02         0.2179940400E-01
         0.1109090947E-02         0.2284255857E-01
         0.1153705951E-02         0.2386502960E-01
         0.1301259317E-02         0.2483288887E-01
         0.1413611746E-02         0.2578431770E-01
         0.1397113183E-02         0.2678348831E-01
         0.1523137401E-02         0.2772052616E-01
         0.1458488625E-02         0.2872565384E-01
         0.1377006301E-02         0.2979551211E-01
         0.1385136706E-02         0.3085337646E-01
         0.1352832773E-02         0.3191557944E-01
         0.1370825727E-02         0.3296306795E-01
         0.1314289704E-02         0.3400594707E-01
         0.4874736348E-01         0.1595122673E-01
         0.4868158434E-01         0.1700257544E-01
         0.4865652718E-01         0.1805819689E-01
         0.4864842393E-01         0.1912241785E-01
         0.4861818011E-01         0.2019234084E-01
         0.4857374240E-01         0.2123434738E-01
         0.4852603980E-01         0.2225651053E-01
         0.4860931610E-01         0.2321473902E-01
         0.4864128613E-01         0.2420207078E-01
         0.4878532861E-01         0.2514734299E-01
         0.4887490367E-01         0.2611313598E-01
         0.4884902374E-01         0.2713571422E-01
         0.4888047491E-01         0.2815009894E-01
         0.4890154952E-01         0.2916398353E-01
         0.4886961718E-01         0.3013839131E-01
         0.4893008109E-01         0.3107484895E-01
         0.4893435756E-01         0.3206675938E-01
         0.4877874559E-01         0.3307711022E-01
         0.3406290982E-01         0.4873050330E-01
         0.3298145396E-01         0.4866639883E-01
         0.3194367095E-01         0.4867302021E-01
         0.3092172548E-01         0.4874584961E-01
         0.2989463102E-01         0.4884343913E-01
         0.2885691175E-01         0.4890285925E-01
         0.2784992441E-01         0.4891705862E-01
         0.2685083126E-01         0.4890179334E-01
         0.2585902294E-01         0.4887655617E-01
         0.2487105365E-01         0.4886641134E-01
         0.2387939021E-01         0.4887197618E-01
         0.2288157392E-01         0.4888585834E-01
         0.2189325818E-01         0.4886882526E-01
         0.2084601993E-01         0.4885175393E-01
         0.1985656161E-01         0.4880891809E-01
         0.1892292002E-01         0.4886462302E-01
         0.1791709508E-01         0.4888698296E-01
         0.1590072990E-01         0.4872254162E-01
         0.3409684103E-01         0.1251573682E-02
         0.4874766821E-01         0.3409561798E-01
         0.1251601685E-02         0.1687633542E-01
         0.1691988738E-01         0.4872295395E-01
         0.2517883200E-02         0.1769040424E-01
         0.3772470120E-02         0.1651234563E-01
         0.1736670799E-01         0.4274598945E-01
         0.4417365524E-01         0.3222237176E-01
         0.3222383317E-01         0.5706733752E-02
         0.3797871177E-02         0.1753164899E-01
         0.1755226183E-01         0.6892326029E-02
         0.3221576431E-01         0.4279296139E-01
         0.3581661454E-01         0.3834111181E-01
         0.1907041011E-01         0.4619878042E-01
         0.7316426388E-02         0.1868503864E-01
         0.1989088216E-01         0.4581805876E-01
         0.4388556650E-02         0.2041485238E-01
         0.2838939268E-01         0.4558696791E-01
         0.2996793528E-01         0.4560543481E-01
         0.6513541859E-02         0.2724570085E-01
         0.3093751048E-01         0.5986619062E-02
         0.2737098570E-01         0.4256219243E-01
         0.2492733007E-01         0.4114806213E-01
         0.4189389893E-01         0.2406407839E-01
         0.4164025774E-01         0.2265108316E-01
         0.4146373655E-01         0.2096369580E-01
         0.3144580025E-01         0.9863846032E-02
         0.2997728534E-01         0.9317228541E-02
         0.2870605892E-01         0.8397483880E-02
         0.2681228842E-01         0.8376901356E-02
         0.2504680114E-01         0.8295802309E-02
         0.2325502086E-01         0.8872914978E-02
         0.2166479297E-01         0.9208607645E-02
         0.2015000466E-01         0.9551976238E-02
         0.9710303567E-02         0.1888429027E-01
         0.8909098690E-02         0.2081479060E-01
         0.8508732690E-02         0.2257283566E-01
         0.8250599879E-02         0.2442660496E-01
         0.8274254997E-02         0.2611132008E-01
         0.1862751399E-01         0.4001166024E-01
         0.2029109755E-01         0.4038097387E-01
         0.2191383679E-01         0.4074304948E-01
         0.2841051615E-01         0.4109665948E-01
         0.3083446261E-01         0.4082194161E-01
         0.4057410218E-01         0.3160307011E-01
         0.4120097002E-01         0.2961231326E-01
         0.4217377235E-01         0.2729949479E-01
         0.4200429836E-01         0.2564051321E-01
         0.3156559899E-01         0.8533647161E-02
         0.1861172919E-01         0.8446698806E-02
         0.8536873907E-02         0.1869755982E-01
         0.1855089066E-01         0.4124629774E-01
         0.4824312516E-02         0.2712585183E-01
         0.2508557952E-02         0.1867212247E-01
         0.3128888925E-01         0.7224034428E-02
         0.1881132147E-01         0.6942681570E-02
         0.6159356799E-02         0.1845980558E-01
         0.1866930980E-01         0.4251911305E-01
         0.3066625910E-01         0.4231679482E-01
         0.4239366304E-01         0.3118898272E-01
         0.3725427925E-02         0.1852079733E-01
         0.1883711670E-01         0.4496183767E-01
         0.2091323849E-01         0.4551611210E-01
         0.2183172232E-01         0.4532500307E-01
         0.2275451473E-01         0.4509290988E-01
         0.2370680455E-01         0.4503754718E-01
         0.2470017717E-01         0.4503921378E-01
         0.2569048420E-01         0.4517455308E-01
         0.2663946729E-01         0.4533542555E-01
         0.2753623346E-01         0.4546341338E-01
         0.2928508002E-01         0.4560480639E-01
         0.3043474037E-01         0.4486006793E-01
         0.4552136024E-01         0.3074716878E-01
         0.4537204708E-01         0.2958909786E-01
         0.4552962882E-01         0.2864479123E-01
         0.4567585343E-01         0.2785153347E-01
         0.4500589893E-01         0.2730365466E-01
         0.4439660560E-01         0.2678149157E-01
         0.4390657545E-01         0.2593042187E-01
         0.4362157729E-01         0.2480428403E-01
         0.4367879389E-01         0.2331606006E-01
         0.4393270624E-01         0.2162868265E-01
         0.6626841007E-02         0.2512293049E-01
         0.6621209606E-02         0.2324067139E-01
         0.5029654087E-02         0.2309588237E-01
         0.4302547827E-02         0.2281353684E-01
         0.4331795314E-02         0.2217574744E-01
         0.4307557679E-02         0.2134009924E-01
         0.3068804429E-01         0.4776582351E-02
         0.2942469864E-01         0.4977761415E-02
         0.2825125101E-01         0.5209838344E-02
         0.2715932706E-01         0.5262338251E-02
         0.2613157167E-01         0.5086883532E-02
         0.2518474866E-01         0.4802660056E-02
         0.2430529972E-01         0.4368918978E-02
         0.2331347358E-01         0.4229247175E-02
         0.2233426675E-01         0.4263438449E-02
         0.2134599266E-01         0.4581242605E-02
         0.2028447481E-01         0.5397862895E-02
         0.4293270275E-01         0.2025926361E-01
         0.1901867419E-01         0.5464268516E-02
         0.1875212937E-01         0.4376381507E-01
         0.4398175094E-01         0.3096479273E-01
         0.4943673523E-02         0.1841845087E-01
         0.3074209422E-01         0.4373429646E-01
         0.1983559850E-01         0.4473356462E-01
         0.5681021168E-02         0.2175075582E-01
         0.5423912456E-02         0.2103316174E-01
         0.3560673415E-02         0.1949640912E-01
         0.4696555078E-02         0.1942057870E-01
         0.2995895046E-01         0.7522913630E-02
         0.2002014260E-01         0.8291949146E-02
         0.2956348757E-01         0.4350281702E-01
         0.2579701608E-01         0.6586403702E-02
         0.2408785737E-01         0.5451540296E-02
         0.2241020898E-01         0.5288314027E-02
         0.2359202939E-01         0.4357005240E-01
         0.2585885730E-01         0.4375988414E-01
         0.2125813279E-01         0.7030336025E-02
         0.2068327800E-01         0.4365443078E-01
         0.2842982135E-01         0.4448746768E-01
         0.2768142897E-01         0.4422362930E-01
         0.2200516795E-01         0.4197937257E-01
