    167              1  
    167              2  
    178              1  
    178              2  
    179              1  
    179              2  
    180              1  
    180              2  
    181              1  
    181              2  
    182              1  
    182              2  
    183              1  
    183              2  
    184              1  
    184              2  
    185              1  
    185              2  
    186              1  
    186              2  
    187              1  
    187              2  
    250              1  
    250              2  
    261              1  
    261              2  
    273              1  
    273              2  
    274              1  
    274              2  
    275              1  
    275              2  
    276              1  
    276              2  
    277              1  
    277              2  
    278              1  
    278              2  
    279              1  
    279              2  
    280              1  
    280              2  
    281              1  
    281              2  
    730              1  
    730              2  
    751              1  
    751              2  
    752              1  
    752              2  
    753              1  
    753              2  
    754              1  
    754              2  
    842              1  
    842              2  
    862              1  
    862              2  
    863              1  
    863              2  
    864              1  
    864              2  
    865              1  
    865              2  
   1281              1  
   1281              2  
   1282              1  
   1282              2  
   1283              1  
   1283              2  
   1284              1  
   1284              2  
   1285              1  
   1285              2  
   1286              1  
   1286              2  
   1287              1  
   1287              2  
   1288              1  
   1288              2  
   1289              1  
   1289              2  
   1290              1  
   1290              2  
   1291              1  
   1291              2  
   1292              1  
   1292              2  
   1293              1  
   1293              2  
   1294              1  
   1294              2  
   1295              1  
   1295              2  
   1296              1  
   1296              2  
   1297              1  
   1297              2  
   1298              1  
   1298              2  
   1299              1  
   1299              2  
  78927              1  
  78927              2  
  78938              1  
  78938              2  
  78939              1  
  78939              2  
  78940              1  
  78940              2  
  78941              1  
  78941              2  
  78942              1  
  78942              2  
  78943              1  
  78943              2  
  78944              1  
  78944              2  
  78945              1  
  78945              2  
  78946              1  
  78946              2  
  78947              1  
  78947              2  
  79010              1  
  79010              2  
  79022              1  
  79022              2  
  79023              1  
  79023              2  
  79024              1  
  79024              2  
  79025              1  
  79025              2  
  79026              1  
  79026              2  
  79027              1  
  79027              2  
  79028              1  
  79028              2  
  79029              1  
  79029              2  
  79030              1  
  79030              2  
  79479              1  
  79479              2  
  79500              1  
  79500              2  
  79501              1  
  79501              2  
  79502              1  
  79502              2  
  79503              1  
  79503              2  
  79590              1  
  79590              2  
  79606              1  
  79606              2  
  79607              1  
  79607              2  
  79608              1  
  79608              2  
  79609              1  
  79609              2  
  80001              1  
  80001              2  
  80002              1  
  80002              2  
  80003              1  
  80003              2  
  80004              1  
  80004              2  
  80005              1  
  80005              2  
  80006              1  
  80006              2  
  80007              1  
  80007              2  
  80008              1  
  80008              2  
  80009              1  
  80009              2  
  80010              1  
  80010              2  
  80011              1  
  80011              2  
  80012              1  
  80012              2  
  80013              1  
  80013              2  
  80014              1  
  80014              2  
  80015              1  
  80015              2  
  80016              1  
  80016              2  
  80017              1  
  80017              2  
  80018              1  
  80018              2  
  80019              1  
  80019              2  