          1          2         63         62 
          2          3         64         63 
          3          4         65         64 
          4          5         66         65 
          5          6         67         66 
          6          7         68         67 
          7          8         69         68 
          8          9         70         69 
          9         10         71         70 
         10         11         72         71 
         11         12         73         72 
         12         13         74         73 
         13         14         75         74 
         14         15         76         75 
         15         16         77         76 
         16         17         78         77 
         17         18         79         78 
         18         19         80         79 
         19         20         81         80 
         20         21         82         81 
         21         22         83         82 
         22         23         84         83 
         23         24         85         84 
         24         25         86         85 
         25         26         87         86 
         26         27         88         87 
         27         28         89         88 
         28         29         90         89 
         29         30         91         90 
         30         31         92         91 
         31         32         93         92 
         32         33         94         93 
         33         34         95         94 
         34         35         96         95 
         35         36         97         96 
         36         37         98         97 
         37         38         99         98 
         38         39        100         99 
         39         40        101        100 
         40         41        102        101 
         41         42        103        102 
         42         43        104        103 
         43         44        105        104 
         44         45        106        105 
         45         46        107        106 
         46         47        108        107 
         47         48        109        108 
         48         49        110        109 
         49         50        111        110 
         50         51        112        111 
         51         52        113        112 
         52         53        114        113 
         53         54        115        114 
         54         55        116        115 
         55         56        117        116 
         56         57        118        117 
         57         58        119        118 
         58         59        120        119 
         59         60        121        120 
         60         61        122        121 
         62         63        124        123 
         63         64        125        124 
         64         65        126        125 
         65         66        127        126 
         66         67        128        127 
         67         68        129        128 
         68         69        130        129 
         69         70        131        130 
         70         71        132        131 
         71         72        133        132 
         72         73        134        133 
         73         74        135        134 
         74         75        136        135 
         75         76        137        136 
         76         77        138        137 
         77         78        139        138 
         78         79        140        139 
         79         80        141        140 
         80         81        142        141 
         81         82        143        142 
         82         83        144        143 
         83         84        145        144 
         84         85        146        145 
         85         86        147        146 
         86         87        148        147 
         87         88        149        148 
         88         89        150        149 
         89         90        151        150 
         90         91        152        151 
         91         92        153        152 
         92         93        154        153 
         93         94        155        154 
         94         95        156        155 
         95         96        157        156 
         96         97        158        157 
         97         98        159        158 
         98         99        160        159 
         99        100        161        160 
        100        101        162        161 
        101        102        163        162 
        102        103        164        163 
        103        104        165        164 
        104        105        166        165 
        105        106        167        166 
        106        107        168        167 
        107        108        169        168 
        108        109        170        169 
        109        110        171        170 
        110        111        172        171 
        111        112        173        172 
        112        113        174        173 
        113        114        175        174 
        114        115        176        175 
        115        116        177        176 
        116        117        178        177 
        117        118        179        178 
        118        119        180        179 
        119        120        181        180 
        120        121        182        181 
        121        122        183        182 
        123        124        185        184 
        124        125        186        185 
        125        126        187        186 
        126        127        188        187 
        127        128        189        188 
        128        129        190        189 
        129        130        191        190 
        130        131        192        191 
        131        132        193        192 
        132        133        194        193 
        133        134        195        194 
        134        135        196        195 
        135        136        197        196 
        136        137        198        197 
        137        138        199        198 
        138        139        200        199 
        139        140        201        200 
        140        141        202        201 
        141        142        203        202 
        142        143        204        203 
        143        144        205        204 
        144        145        206        205 
        145        146        207        206 
        146        147        208        207 
        147        148        209        208 
        148        149        210        209 
        149        150        211        210 
        150        151        212        211 
        151        152        213        212 
        152        153        214        213 
        153        154        215        214 
        154        155        216        215 
        155        156        217        216 
        156        157        218        217 
        157        158        219        218 
        158        159        220        219 
        159        160        221        220 
        160        161        222        221 
        161        162        223        222 
        162        163        224        223 
        163        164        225        224 
        164        165        226        225 
        165        166        227        226 
        166        167        228        227 
        167        168        229        228 
        168        169        230        229 
        169        170        231        230 
        170        171        232        231 
        171        172        233        232 
        172        173        234        233 
        173        174        235        234 
        174        175        236        235 
        175        176        237        236 
        176        177        238        237 
        177        178        239        238 
        178        179        240        239 
        179        180        241        240 
        180        181        242        241 
        181        182        243        242 
        182        183        244        243 
        184        185        246        245 
        185        186        247        246 
        186        187        248        247 
        187        188        249        248 
        188        189        250        249 
        189        190        251        250 
        190        191        252        251 
        191        192        253        252 
        192        193        254        253 
        193        194        255        254 
        194        195        256        255 
        195        196        257        256 
        196        197        258        257 
        197        198        259        258 
        198        199        260        259 
        199        200        261        260 
        200        201        262        261 
        201        202        263        262 
        202        203        264        263 
        203        204        265        264 
        204        205        266        265 
        205        206        267        266 
        206        207        268        267 
        207        208        269        268 
        208        209        270        269 
        209        210        271        270 
        210        211        272        271 
        211        212        273        272 
        212        213        274        273 
        213        214        275        274 
        214        215        276        275 
        215        216        277        276 
        216        217        278        277 
        217        218        279        278 
        218        219        280        279 
        219        220        281        280 
        220        221        282        281 
        221        222        283        282 
        222        223        284        283 
        223        224        285        284 
        224        225        286        285 
        225        226        287        286 
        226        227        288        287 
        227        228        289        288 
        228        229        290        289 
        229        230        291        290 
        230        231        292        291 
        231        232        293        292 
        232        233        294        293 
        233        234        295        294 
        234        235        296        295 
        235        236        297        296 
        236        237        298        297 
        237        238        299        298 
        238        239        300        299 
        239        240        301        300 
        240        241        302        301 
        241        242        303        302 
        242        243        304        303 
        243        244        305        304 
