         1         3        25        24
         3         4        30        25
         4         5        35        30
         5         6        40        35
         6         7        45        40
         7         2         9        45
        24        25        26        23
        25        30        31        26
        30        35        36        31
        35        40        41        36
        40        45        46        41
        45         9        10        46
        23        26        27        22
        26        31        32        27
        31        36        37        32
        36        41        42        37
        41        46        47        42
        46        10        11        47
        22        27        28        21
        27        32        33        28
        32        37        38        33
        37        42        43        38
        42        47        48        43
        47        11        12        48
        21        28        29        20
        28        33        34        29
        33        38        39        34
        38        43        44        39
        43        48        49        44
        48        12        13        49
        20        29        19        14
        29        34        18        19
        34        39        17        18
        39        44        16        17
        44        49        15        16
        49        13         8        15
         2        51        67         9
        51        52        72        67
        52        53        77        72
        53        54        82        77
        54        55        87        82
        55        50        57        87
         9        67        68        10
        67        72        73        68
        72        77        78        73
        77        82        83        78
        82        87        88        83
        87        57        58        88
        10        68        69        11
        68        73        74        69
        73        78        79        74
        78        83        84        79
        83        88        89        84
        88        58        59        89
        11        69        70        12
        69        74        75        70
        74        79        80        75
        79        84        85        80
        84        89        90        85
        89        59        60        90
        12        70        71        13
        70        75        76        71
        75        80        81        76
        80        85        86        81
        85        90        91        86
        90        60        61        91
        13        71        66         8
        71        76        65        66
        76        81        64        65
        81        86        63        64
        86        91        62        63
        91        61        56        62
        50        93       109        57
        93        94       114       109
        94        95       119       114
        95        96       124       119
        96        97       129       124
        97        92        99       129
        57       109       110        58
       109       114       115       110
       114       119       120       115
       119       124       125       120
       124       129       130       125
       129        99       100       130
        58       110       111        59
       110       115       116       111
       115       120       121       116
       120       125       126       121
       125       130       131       126
       130       100       101       131
        59       111       112        60
       111       116       117       112
       116       121       122       117
       121       126       127       122
       126       131       132       127
       131       101       102       132
        60       112       113        61
       112       117       118       113
       117       122       123       118
       122       127       128       123
       127       132       133       128
       132       102       103       133
        61       113       108        56
       113       118       107       108
       118       123       106       107
       123       128       105       106
       128       133       104       105
       133       103        98       104
        14        19       151       150
        19        18       156       151
        18        17       161       156
        17        16       166       161
        16        15       171       166
        15         8       135       171
       150       151       152       149
       151       156       157       152
       156       161       162       157
       161       166       167       162
       166       171       172       167
       171       135       136       172
       149       152       153       148
       152       157       158       153
       157       162       163       158
       162       167       168       163
       167       172       173       168
       172       136       137       173
       148       153       154       147
       153       158       159       154
       158       163       164       159
       163       168       169       164
       168       173       174       169
       173       137       138       174
       147       154       155       146
       154       159       160       155
       159       164       165       160
       164       169       170       165
       169       174       175       170
       174       138       139       175
       146       155       145       140
       155       160       144       145
       160       165       143       144
       165       170       142       143
       170       175       141       142
       175       139       134       141
         8        66       187       135
        66        65       192       187
        65        64       197       192
        64        63       202       197
        63        62       207       202
        62        56       177       207
       135       187       188       136
       187       192       193       188
       192       197       198       193
       197       202       203       198
       202       207       208       203
       207       177       178       208
       136       188       189       137
       188       193       194       189
       193       198       199       194
       198       203       204       199
       203       208       209       204
       208       178       179       209
       137       189       190       138
       189       194       195       190
       194       199       200       195
       199       204       205       200
       204       209       210       205
       209       179       180       210
       138       190       191       139
       190       195       196       191
       195       200       201       196
       200       205       206       201
       205       210       211       206
       210       180       181       211
       139       191       186       134
       191       196       185       186
       196       201       184       185
       201       206       183       184
       206       211       182       183
       211       181       176       182
        56       108       223       177
       108       107       228       223
       107       106       233       228
       106       105       238       233
       105       104       243       238
       104        98       213       243
       177       223       224       178
       223       228       229       224
       228       233       234       229
       233       238       239       234
       238       243       244       239
       243       213       214       244
       178       224       225       179
       224       229       230       225
       229       234       235       230
       234       239       240       235
       239       244       245       240
       244       214       215       245
       179       225       226       180
       225       230       231       226
       230       235       236       231
       235       240       241       236
       240       245       246       241
       245       215       216       246
       180       226       227       181
       226       231       232       227
       231       236       237       232
       236       241       242       237
       241       246       247       242
       246       216       217       247
       181       227       222       176
       227       232       221       222
       232       237       220       221
       237       242       219       220
       242       247       218       219
       247       217       212       218
       140       145       265       264
       145       144       270       265
       144       143       275       270
       143       142       280       275
       142       141       285       280
       141       134       249       285
       264       265       266       263
       265       270       271       266
       270       275       276       271
       275       280       281       276
       280       285       286       281
       285       249       250       286
       263       266       267       262
       266       271       272       267
       271       276       277       272
       276       281       282       277
       281       286       287       282
       286       250       251       287
       262       267       268       261
       267       272       273       268
       272       277       278       273
       277       282       283       278
       282       287       288       283
       287       251       252       288
       261       268       269       260
       268       273       274       269
       273       278       279       274
       278       283       284       279
       283       288       289       284
       288       252       253       289
       260       269       259       254
       269       274       258       259
       274       279       257       258
       279       284       256       257
       284       289       255       256
       289       253       248       255
       134       186       301       249
       186       185       306       301
       185       184       311       306
       184       183       316       311
       183       182       321       316
       182       176       291       321
       249       301       302       250
       301       306       307       302
       306       311       312       307
       311       316       317       312
       316       321       322       317
       321       291       292       322
       250       302       303       251
       302       307       308       303
       307       312       313       308
       312       317       318       313
       317       322       323       318
       322       292       293       323
       251       303       304       252
       303       308       309       304
       308       313       314       309
       313       318       319       314
       318       323       324       319
       323       293       294       324
       252       304       305       253
       304       309       310       305
       309       314       315       310
       314       319       320       315
       319       324       325       320
       324       294       295       325
       253       305       300       248
       305       310       299       300
       310       315       298       299
       315       320       297       298
       320       325       296       297
       325       295       290       296
       176       222       337       291
       222       221       342       337
       221       220       347       342
       220       219       352       347
       219       218       357       352
       218       212       327       357
       291       337       338       292
       337       342       343       338
       342       347       348       343
       347       352       353       348
       352       357       358       353
       357       327       328       358
       292       338       339       293
       338       343       344       339
       343       348       349       344
       348       353       354       349
       353       358       359       354
       358       328       329       359
       293       339       340       294
       339       344       345       340
       344       349       350       345
       349       354       355       350
       354       359       360       355
       359       329       330       360
       294       340       341       295
       340       345       346       341
       345       350       351       346
       350       355       356       351
       355       360       361       356
       360       330       331       361
       295       341       336       290
       341       346       335       336
       346       351       334       335
       351       356       333       334
       356       361       332       333
       361       331       326       332
